0 0.07109375 0.74537037 0.1421875 0.24074074
0 0.13125 0.69398148 0.075 0.20277778
0 0.20833333 0.5537037 0.057291667 0.12592593
0 0.23854167 0.52962963 0.038541667 0.1
0 0.24427083 0.64861111 0.05625 0.15092593
0 0.28229167 0.72685185 0.085416667 0.53888889
0 0.32916667 0.5537037 0.040625 0.12592593
0 0.35 0.8125 0.12291667 0.37314815
0 0.39010417 0.6462963 0.064583333 0.13888889
0 0.39791667 0.54675926 0.045833333 0.091666667
0 0.4140625 0.52824074 0.042708333 0.11388889
0 0.48177083 0.4162037 0.058333333 0.34907407
0 0.55755208 0.52638889 0.047395833 0.11203704
0 0.57526042 0.69212963 0.072395833 0.30092593
0 0.61536458 0.65833333 0.0609375 0.17222222
0 0.61979167 0.8125 0.125 0.37314815
0 0.62942708 0.51666667 0.058854167 0.1037037
0 0.66953125 0.58796296 0.049479167 0.18148148
0 0.69244792 0.64166667 0.0578125 0.2
0 0.7171875 0.71296296 0.080208333 0.25740741
0 0.73802083 0.52222222 0.039583333 0.12222222
0 0.76380208 0.53935185 0.058854167 0.13055556
0 0.81458333 0.6787037 0.092708333 0.27777778
0 0.92630208 0.82407407 0.14635417 0.35
