0 0.069531 0.749537 0.139062 0.239815
0 0.126042 0.696296 0.075000 0.207407
0 0.203646 0.556019 0.059375 0.128704
0 0.232812 0.531019 0.039583 0.099074
0 0.255469 0.661111 0.089063 0.166667
0 0.296615 0.605556 0.057813 0.124074
0 0.314583 0.551852 0.058333 0.127778
0 0.329167 0.536111 0.028125 0.090741
0 0.365104 0.696759 0.084375 0.241667
0 0.389583 0.546759 0.034375 0.084259
0 0.399740 0.502778 0.027604 0.057407
0 0.437500 0.715741 0.101042 0.542593
0 0.455729 0.358333 0.056250 0.222222
0 0.460677 0.516204 0.063021 0.199074
0 0.514323 0.568519 0.079687 0.374074
0 0.555729 0.518056 0.045833 0.097222
0 0.555990 0.518056 0.046354 0.097222
0 0.618229 0.662037 0.076042 0.168519
0 0.633073 0.520833 0.039062 0.112037
0 0.664062 0.595833 0.050000 0.193519
0 0.685938 0.645833 0.055208 0.208333
0 0.708854 0.687500 0.082292 0.200926
0 0.733333 0.524537 0.040625 0.123148
0 0.759375 0.502315 0.027083 0.054630
0 0.816927 0.651389 0.148438 0.467593
0 0.923698 0.825000 0.151562 0.348148
