0 0.0625 0.88981481 0.077083333 0.1462963
0 0.11614583 0.67546296 0.065625 0.18055556
0 0.196875 0.56435185 0.05625 0.093518519
0 0.2421875 0.5162037 0.034375 0.17685185
0 0.26484375 0.60925926 0.065104167 0.13148148
0 0.27109375 0.49768519 0.031770833 0.089814815
0 0.2953125 0.52824074 0.053125 0.14907407
0 0.33177083 0.6537037 0.088541667 0.15740741
0 0.42317708 0.65648148 0.063020833 0.25925926
0 0.44661458 0.78148148 0.0953125 0.43518519
0 0.50182292 0.59722222 0.0390625 0.14444444
0 0.52734375 0.66759259 0.066145833 0.20740741
0 0.57708333 0.57592593 0.046875 0.10740741
0 0.62578125 0.73981481 0.0703125 0.24074074
0 0.80338542 0.83518519 0.10989583 0.32777778
