0 0.061979167 0.9162037 0.12395833 0.16574074
0 0.078645833 0.74074074 0.11145833 0.17222222
0 0.11822917 0.67407407 0.08125 0.17592593
0 0.1984375 0.56481481 0.059375 0.092592593
0 0.19869792 0.56574074 0.058854167 0.096296296
0 0.21953125 0.55277778 0.0359375 0.092592593
0 0.26848958 0.60277778 0.0609375 0.11296296
0 0.29973958 0.54675926 0.0328125 0.080555556
0 0.30859375 0.77222222 0.10885417 0.23888889
0 0.3296875 0.65 0.097916667 0.14814815
0 0.3609375 0.57222222 0.038541667 0.068518519
0 0.47473958 0.60416667 0.0421875 0.1712963
0 0.51119792 0.59537037 0.056770833 0.18888889
0 0.55442708 0.82916667 0.0921875 0.28425926
0 0.57526042 0.58009259 0.047395833 0.11203704
0 0.62317708 0.73935185 0.072395833 0.23425926
0 0.64427083 0.60277778 0.017708333 0.046296296
0 0.6765625 0.55740741 0.0625 0.20740741
0 0.69270833 0.70416667 0.082291667 0.23981481
0 0.81145833 0.83657407 0.125 0.31944444
