0 0.071354 0.741204 0.093750 0.173148
0 0.116667 0.675463 0.072917 0.180556
0 0.203125 0.563889 0.058333 0.101852
0 0.220833 0.549074 0.036458 0.100000
0 0.270052 0.601852 0.065104 0.114815
0 0.295833 0.551389 0.040625 0.093518
0 0.306771 0.768056 0.104167 0.236111
0 0.350000 0.645370 0.063542 0.138889
0 0.362760 0.568056 0.028646 0.073148
0 0.501562 0.606944 0.039583 0.162037
0 0.526302 0.659259 0.071354 0.185185
0 0.557292 0.827778 0.096875 0.285185
0 0.576042 0.578241 0.046875 0.108333
0 0.623958 0.706019 0.070833 0.167593
0 0.658333 0.585185 0.043750 0.096296
0 0.703125 0.701852 0.085417 0.244444
0 0.809635 0.836574 0.121354 0.321296
