0 0.071875 0.74074074 0.09375 0.17222222
0 0.11666667 0.67638889 0.073958333 0.18055556
0 0.20442708 0.56342593 0.058854167 0.099074074
0 0.22317708 0.54861111 0.0328125 0.10092593
0 0.27369792 0.60324074 0.065104167 0.11574074
0 0.29869792 0.55 0.034895833 0.090740741
0 0.30442708 0.75046296 0.1046875 0.19907407
0 0.35260417 0.64305556 0.058333333 0.13796296
0 0.3578125 0.56435185 0.034375 0.080555556
0 0.50130208 0.60555556 0.040104167 0.15925926
0 0.52682292 0.6587963 0.071354167 0.18425926
0 0.55807292 0.82685185 0.097395833 0.28148148
0 0.57682292 0.57731481 0.0484375 0.10648148
0 0.62447917 0.74351852 0.069791667 0.24444444
0 0.65755208 0.58611111 0.043229167 0.096296296
0 0.70338542 0.70092593 0.084895833 0.24444444
0 0.8125 0.83796296 0.12604167 0.32037037
