0 0.034895833 0.73657407 0.069791667 0.18611111
0 0.10026042 0.65462963 0.072395833 0.12777778
0 0.10130208 0.81805556 0.1203125 0.22685185
0 0.13541667 0.60648148 0.057291667 0.13703704
0 0.18932292 0.71064815 0.10052083 0.16203704
0 0.24036458 0.61203704 0.063020833 0.11851852
0 0.25598958 0.45046296 0.0609375 0.3287037
0 0.25963542 0.58935185 0.0390625 0.11759259
0 0.28125 0.84444444 0.13229167 0.30925926
0 0.32291667 0.70277778 0.06875 0.15
0 0.33802083 0.59351852 0.040625 0.1
0 0.34036458 0.6412037 0.0765625 0.14907407
0 0.34296875 0.58101852 0.046354167 0.10277778
0 0.5046875 0.62222222 0.044791667 0.17962963
0 0.52317708 0.65648148 0.047395833 0.17407407
0 0.53151042 0.71388889 0.066145833 0.23703704
0 0.55677083 0.74814815 0.060416667 0.22592593
0 0.56302083 0.53611111 0.055208333 0.15
0 0.57526042 0.84675926 0.15364583 0.30462963
0 0.59921875 0.57916667 0.055729167 0.11203704
0 0.63984375 0.65416667 0.0515625 0.1212963
0 0.66744792 0.72962963 0.078645833 0.18518519
0 0.68489583 0.57083333 0.051041667 0.12685185
0 0.7375 0.60509259 0.077083333 0.16574074
0 0.74192708 0.84027778 0.15572917 0.31759259
0 0.8234375 0.70833333 0.078125 0.15740741
0 0.884375 0.85231481 0.165625 0.29351852
