0 0.095056 0.804608 0.092756 0.190779
0 0.132277 0.714070 0.071427 0.163389
0 0.190401 0.814213 0.138526 0.371575
0 0.212513 0.603048 0.054355 0.115373
0 0.223560 0.589786 0.036186 0.103148
0 0.271977 0.642880 0.062210 0.129869
0 0.296670 0.584196 0.033422 0.105945
0 0.306256 0.783405 0.109389 0.218838
0 0.347491 0.682094 0.056243 0.158347
0 0.356067 0.599548 0.029054 0.078740
0 0.445505 0.670272 0.080038 0.383180
0 0.494734 0.599386 0.041617 0.114486
0 0.535343 0.854883 0.091686 0.290234
0 0.548189 0.591666 0.042901 0.108598
0 0.595189 0.741299 0.068127 0.206001
0 0.622539 0.599481 0.041913 0.106536
0 0.657410 0.723975 0.083127 0.266825
0 0.766461 0.841386 0.119411 0.317228
