0 0.927812 0.645960 0.107888 0.188858
0 0.875478 0.596617 0.065147 0.177490
0 0.797638 0.501370 0.055208 0.095872
0 0.769306 0.481770 0.036929 0.087875
0 0.744117 0.536813 0.071731 0.109823
0 0.704059 0.480486 0.036645 0.079085
0 0.671758 0.596225 0.095195 0.157775
0 0.640966 0.515583 0.040583 0.080362
0 0.592684 0.599438 0.071384 0.310423
0 0.568593 0.741679 0.125388 0.399163
0 0.508551 0.567449 0.051301 0.155927
0 0.488079 0.616719 0.069488 0.176180
0 0.457397 0.744640 0.098400 0.257105
0 0.442623 0.545069 0.050577 0.103285
0 0.407410 0.517351 0.040396 0.180223
0 0.397232 0.657733 0.065308 0.137204
0 0.226613 0.817121 0.129995 0.315523
