0 0.921615 0.740741 0.110937 0.172222
0 0.885417 0.658796 0.078125 0.145370
0 0.793229 0.564352 0.058333 0.104630
0 0.727865 0.599537 0.064062 0.108333
0 0.700000 0.551852 0.036458 0.094444
0 0.692969 0.750926 0.107813 0.203704
0 0.650781 0.653704 0.072396 0.159259
0 0.634375 0.568981 0.030208 0.071296
0 0.511458 0.625926 0.014583 0.101852
0 0.478385 0.657870 0.063021 0.319444
0 0.443750 0.828704 0.093750 0.285185
0 0.423177 0.576389 0.046354 0.104630
0 0.373958 0.706481 0.066667 0.166667
0 0.343229 0.586111 0.042708 0.096296
0 0.305990 0.702778 0.085938 0.244444
0 0.187500 0.837963 0.126042 0.320370
