0 0.925781 0.732407 0.086979 0.185185
0 0.883854 0.675000 0.064583 0.181481
0 0.834896 0.539815 0.044792 0.205556
0 0.802865 0.564815 0.056771 0.090741
0 0.791406 0.829630 0.116146 0.338889
0 0.783333 0.518981 0.048958 0.141667
0 0.749740 0.800463 0.071354 0.397222
0 0.736198 0.526389 0.045313 0.149074
0 0.723698 0.604167 0.047396 0.121296
0 0.665365 0.652778 0.096354 0.159259
0 0.497396 0.620370 0.042708 0.200000
0 0.473177 0.657407 0.069271 0.187037
0 0.423437 0.575000 0.046875 0.105556
0 0.374219 0.743519 0.071354 0.244444
0 0.184896 0.839352 0.128125 0.319444
