0 0.018387 0.677076 0.036774 0.186561
0 0.070912 0.608730 0.086972 0.131601
0 0.069215 0.763902 0.138429 0.232460
0 0.112619 0.568105 0.070192 0.138216
0 0.169807 0.674655 0.120176 0.168137
0 0.231450 0.588443 0.075987 0.121472
0 0.255311 0.437421 0.081608 0.320550
0 0.254170 0.569691 0.048776 0.117154
0 0.268996 0.814770 0.161806 0.312350
0 0.321640 0.686370 0.083681 0.152157
0 0.342924 0.584898 0.049880 0.100690
0 0.343771 0.630467 0.092508 0.152401
0 0.349011 0.573751 0.056484 0.104148
0 0.530882 0.636055 0.057631 0.176824
0 0.550553 0.671207 0.060374 0.171927
0 0.557825 0.726859 0.084034 0.234345
0 0.585176 0.762983 0.077113 0.222982
0 0.600321 0.562747 0.068321 0.150213
0 0.602402 0.851833 0.185852 0.296334
0 0.639744 0.608785 0.067469 0.114277
0 0.682975 0.685761 0.063095 0.122462
0 0.711420 0.761307 0.096243 0.186954
0 0.737243 0.613182 0.062715 0.127657
0 0.795610 0.653232 0.093732 0.168285
0 0.791697 0.857574 0.188708 0.284851
0 0.889166 0.763502 0.094597 0.160530
0 0.926654 0.878863 0.146691 0.242274
