0 0.11848958 0.69537037 0.099479167 0.21111111
0 0.16692708 0.61851852 0.055729167 0.13333333
0 0.1671875 0.61805556 0.05625 0.13240741
0 0.21197917 0.55787037 0.057291667 0.13240741
0 0.23828125 0.53194444 0.036979167 0.09537037
0 0.25859375 0.66157407 0.088020833 0.16944444
0 0.296875 0.6037037 0.063541667 0.12222222
0 0.29713542 0.60462963 0.0640625 0.12222222
0 0.30677083 0.55509259 0.064583333 0.13425926
0 0.32838542 0.54305556 0.043229167 0.10092593
0 0.37239583 0.70231481 0.092708333 0.24907407
0 0.40078125 0.58796296 0.065104167 0.15185185
0 0.40911458 0.39212963 0.0609375 0.28611111
0 0.409375 0.53425926 0.038541667 0.11481481
0 0.55859375 0.52916667 0.049479167 0.11388889
0 0.615625 0.69212963 0.0625 0.23981481
0 0.628125 0.52314815 0.03125 0.098148148
0 0.63229167 0.82592593 0.14479167 0.3462963
0 0.66302083 0.52824074 0.060416667 0.26388889
0 0.69010417 0.6087963 0.05625 0.13796296
0 0.70520833 0.68842593 0.077083333 0.23981481
0 0.72994792 0.56481481 0.0234375 0.092592593
0 0.76354167 0.69490741 0.09375 0.49907407
0 0.83385417 0.60277778 0.053125 0.12037037
