0 0.078906 0.740741 0.110938 0.174074
0 0.117969 0.674074 0.082813 0.177778
0 0.205729 0.562500 0.057292 0.102778
0 0.205990 0.562963 0.057813 0.101852
0 0.219531 0.550926 0.035937 0.094444
0 0.268750 0.604167 0.059375 0.117593
0 0.299219 0.540278 0.032812 0.071296
0 0.307552 0.807870 0.106771 0.300926
0 0.330469 0.647222 0.086979 0.140741
0 0.359635 0.582870 0.041146 0.093518
0 0.444792 0.789352 0.079167 0.419444
0 0.489844 0.573148 0.049479 0.129630
0 0.510677 0.619444 0.057812 0.183333
0 0.554427 0.826852 0.092188 0.288889
0 0.576042 0.601389 0.046875 0.154630
0 0.625260 0.739815 0.070312 0.233333
0 0.642187 0.568519 0.088542 0.229630
0 0.693750 0.703241 0.085417 0.241667
0 0.811979 0.837037 0.126042 0.320370
