0 0.07890625 0.74074074 0.1109375 0.17407407
0 0.11796875 0.67407407 0.0828125 0.17777778
0 0.20572917 0.5625 0.057291667 0.10277778
0 0.20598958 0.56296296 0.0578125 0.10185185
0 0.21953125 0.55092593 0.0359375 0.094444444
0 0.26875 0.60416667 0.059375 0.11759259
0 0.29921875 0.54027778 0.0328125 0.071296296
0 0.30755208 0.80787037 0.10677083 0.30092593
0 0.33046875 0.64722222 0.086979167 0.14074074
0 0.35963542 0.58287037 0.041145833 0.093518519
0 0.44479167 0.78935185 0.079166667 0.41944444
0 0.48984375 0.57314815 0.049479167 0.12962963
0 0.51067708 0.61944444 0.0578125 0.18333333
0 0.55442708 0.82685185 0.0921875 0.28888889
0 0.57604167 0.60138889 0.046875 0.15462963
0 0.62526042 0.73981481 0.0703125 0.23333333
0 0.6421875 0.56851852 0.088541667 0.22962963
0 0.69375 0.70324074 0.085416667 0.24166667
0 0.81197917 0.83703704 0.12604167 0.32037037
