0 0.952055 0.728240 0.095891 0.269919
0 0.919297 0.673830 0.082397 0.233124
0 0.836171 0.527265 0.063896 0.143300
0 0.805949 0.501628 0.042309 0.106579
0 0.787742 0.644685 0.091019 0.189462
0 0.753960 0.578932 0.039999 0.122514
0 0.753704 0.579454 0.039487 0.123484
0 0.739083 0.498232 0.032127 0.079711
0 0.714175 0.495433 0.021700 0.065903
0 0.692100 0.632707 0.134759 0.408816
0 0.639398 0.532956 0.042153 0.099526
0 0.628360 0.504968 0.043954 0.108707
0 0.564169 0.610372 0.081280 0.471472
0 0.555058 0.331478 0.067305 0.249170
0 0.490459 0.635711 0.085593 0.473786
0 0.410414 0.519709 0.075899 0.132067
0 0.414517 0.705103 0.082888 0.255291
0 0.364984 0.603618 0.056921 0.213233
0 0.343469 0.657598 0.063147 0.229765
0 0.331436 0.705364 0.068859 0.223123
0 0.293611 0.529393 0.042934 0.134792
0 0.266623 0.505043 0.025723 0.055118
0 0.246966 0.717228 0.135483 0.565543
0 0.190130 0.621904 0.047713 0.134120
0 0.190152 0.622911 0.047668 0.132105
0 0.105332 0.837578 0.164189 0.324844
