0 0.984966 0.728413 0.030068 0.179200
0 0.936652 0.652170 0.083562 0.124022
0 0.936382 0.651758 0.084151 0.126681
0 0.932374 0.806642 0.133700 0.226742
0 0.896202 0.607866 0.056112 0.131924
0 0.848728 0.712176 0.104077 0.159768
0 0.848779 0.713917 0.105206 0.163345
0 0.796184 0.624024 0.067065 0.120772
0 0.776436 0.600519 0.045176 0.108344
0 0.760513 0.842047 0.139344 0.297595
0 0.718641 0.713196 0.082727 0.148258
0 0.718127 0.713243 0.083755 0.148353
0 0.700801 0.569046 0.023624 0.036900
0 0.702726 0.653111 0.066871 0.149409
0 0.692009 0.603461 0.045049 0.103991
0 0.636437 0.481978 0.071874 0.321799
0 0.535348 0.665408 0.050575 0.206093
0 0.533798 0.629758 0.047476 0.134605
0 0.521176 0.692024 0.053053 0.185480
0 0.519074 0.681741 0.048798 0.162513
0 0.509178 0.740265 0.071841 0.232357
0 0.502556 0.698533 0.059675 0.148749
0 0.485258 0.759482 0.066078 0.192753
0 0.475146 0.855164 0.147820 0.289672
0 0.449881 0.614758 0.084226 0.235230
0 0.405049 0.730174 0.064376 0.204754
0 0.376962 0.783382 0.085027 0.227488
0 0.352429 0.612784 0.053416 0.127335
0 0.304758 0.648147 0.081691 0.165530
0 0.303286 0.855765 0.161587 0.288470
0 0.224122 0.755062 0.084884 0.151930
0 0.164040 0.872000 0.168715 0.256001
