0 0.066145833 0.73287037 0.095833333 0.18796296
0 0.11744792 0.67638889 0.0640625 0.18055556
0 0.19791667 0.56666667 0.05625 0.092592593
0 0.23307292 0.55416667 0.049479167 0.11203704
0 0.27291667 0.60509259 0.06875 0.11944444
0 0.3 0.55092593 0.034375 0.096296296
0 0.30755208 0.73888889 0.12447917 0.15740741
0 0.34765625 0.64444444 0.0640625 0.13518519
0 0.35807292 0.56712963 0.034895833 0.075
0 0.50338542 0.57314815 0.0421875 0.094444444
0 0.52473958 0.66157407 0.0671875 0.1787037
0 0.5515625 0.83194444 0.098958333 0.29722222
0 0.58072917 0.59953704 0.05 0.23240741
0 0.62838542 0.74259259 0.0640625 0.2462963
0 0.65598958 0.58472222 0.041145833 0.099074074
0 0.8140625 0.8375 0.12708333 0.32314815
