0 0.078385417 0.74074074 0.1109375 0.17222222
0 0.11770833 0.67314815 0.082291667 0.17592593
0 0.20026042 0.56527778 0.056770833 0.099074074
0 0.21875 0.55277778 0.036458333 0.092592593
0 0.26953125 0.60277778 0.059895833 0.11111111
0 0.30104167 0.54583333 0.030208333 0.076851852
0 0.3078125 0.81759259 0.10729167 0.29074074
0 0.32838542 0.64907407 0.0984375 0.15
0 0.36041667 0.57314815 0.039583333 0.072222222
0 0.47265625 0.67268519 0.0609375 0.33240741
0 0.49765625 0.53703704 0.0203125 0.068518519
0 0.51822917 0.57685185 0.041666667 0.10185185
0 0.55416667 0.82453704 0.092708333 0.275
0 0.57552083 0.58148148 0.046875 0.11481481
0 0.6234375 0.74027778 0.072916667 0.23240741
0 0.63151042 0.55648148 0.068229167 0.1962963
0 0.66458333 0.575 0.029166667 0.074074074
0 0.69244792 0.70416667 0.0828125 0.23981481
0 0.81119792 0.83611111 0.12447917 0.32037037
