0 0.093066 0.772740 0.102527 0.202594
0 0.143632 0.714653 0.058128 0.194116
0 0.214942 0.601266 0.051921 0.098398
0 0.246732 0.588312 0.046116 0.114745
0 0.273382 0.639043 0.044292 0.116626
0 0.304606 0.576333 0.032786 0.080146
0 0.330318 0.726011 0.090937 0.276211
0 0.363813 0.607799 0.028193 0.081923
0 0.484743 0.653272 0.038462 0.169997
0 0.490383 0.742714 0.033858 0.131826
0 0.489692 0.801200 0.035240 0.248799
0 0.527267 0.650472 0.064163 0.236238
0 0.527394 0.659253 0.063932 0.255716
0 0.527446 0.864482 0.086851 0.271036
0 0.559691 0.622914 0.027107 0.107215
0 0.594966 0.803668 0.061196 0.258537
0 0.617311 0.632379 0.044685 0.110795
0 0.757578 0.859263 0.114526 0.281474
