0 0.909946 0.904893 0.081252 0.155203
0 0.851359 0.686931 0.070190 0.189876
0 0.767027 0.576948 0.059052 0.099608
0 0.719950 0.529874 0.038258 0.184287
0 0.698535 0.627100 0.068769 0.139250
0 0.690139 0.512419 0.034024 0.094402
0 0.665998 0.545295 0.056873 0.156710
0 0.631097 0.676716 0.093138 0.167309
0 0.537942 0.684760 0.068961 0.270874
0 0.516310 0.793961 0.105078 0.412077
0 0.456675 0.628120 0.042450 0.151140
0 0.431928 0.702119 0.071208 0.217591
0 0.379547 0.610428 0.049745 0.113396
0 0.332863 0.782161 0.076061 0.252194
0 0.153493 0.859234 0.118001 0.281532
