0 0.938281 0.891667 0.077604 0.151852
0 0.884115 0.675000 0.066146 0.181481
0 0.802865 0.565278 0.056771 0.089815
0 0.763281 0.517130 0.066146 0.163889
0 0.730469 0.604167 0.068229 0.121296
0 0.694792 0.536574 0.042708 0.162037
0 0.661198 0.653241 0.089063 0.163889
0 0.567187 0.628241 0.060417 0.315741
0 0.500000 0.615278 0.038542 0.184259
0 0.467969 0.758333 0.073437 0.455556
0 0.423177 0.570370 0.047396 0.096296
0 0.376302 0.710185 0.069271 0.188889
0 0.347396 0.869907 0.147917 0.258333
0 0.185677 0.837037 0.127604 0.324074
