0 0.061197917 0.73240741 0.1109375 0.18888889
0 0.1171875 0.67685185 0.0625 0.17962963
0 0.19661458 0.56574074 0.056770833 0.088888889
0 0.196875 0.5662037 0.057291667 0.089814815
0 0.22473958 0.5462963 0.0390625 0.10555556
0 0.27109375 0.60324074 0.0671875 0.11759259
0 0.3015625 0.54074074 0.038541667 0.085185185
0 0.31770833 0.68425926 0.058333333 0.22222222
0 0.37239583 0.62685185 0.058333333 0.29444444
0 0.4296875 0.76296296 0.086458333 0.47222222
0 0.50182292 0.61342593 0.041145833 0.175
0 0.52604167 0.65509259 0.069791667 0.18055556
0 0.5578125 0.82638889 0.084375 0.29722222
0 0.57630208 0.57592593 0.047395833 0.10740741
0 0.62760417 0.74398148 0.066666667 0.24351852
0 0.63333333 0.55972222 0.048958333 0.14907407
0 0.8140625 0.8375 0.128125 0.32314815
