0 0.947656 0.873611 0.104687 0.250926
0 0.909115 0.762963 0.064063 0.175926
0 0.845052 0.835648 0.117188 0.206481
0 0.828646 0.635185 0.042708 0.118518
0 0.767969 0.745833 0.089063 0.169444
0 0.765104 0.601852 0.090625 0.238889
0 0.730208 0.686111 0.057292 0.118518
0 0.678646 0.858333 0.122917 0.281482
0 0.642708 0.489352 0.052083 0.306481
0 0.636198 0.731481 0.070312 0.146296
0 0.628906 0.634259 0.046354 0.087037
0 0.615104 0.608333 0.041667 0.107407
0 0.480729 0.650463 0.035417 0.204630
0 0.453125 0.634259 0.064583 0.246296
0 0.438021 0.742130 0.061458 0.230556
0 0.413021 0.740278 0.053125 0.173148
0 0.402604 0.852778 0.134375 0.292593
0 0.388802 0.598148 0.041146 0.105556
0 0.356250 0.644444 0.057292 0.135185
0 0.332812 0.720370 0.061458 0.196296
0 0.306250 0.813426 0.078125 0.286111
0 0.286458 0.605556 0.038542 0.125926
0 0.261719 0.621296 0.055729 0.131482
0 0.236979 0.851852 0.151042 0.294444
0 0.192969 0.679630 0.061979 0.120370
0 0.094271 0.862037 0.156250 0.274074
