0 0.874455 0.737935 0.088440 0.200281
0 0.832792 0.664056 0.072942 0.207427
0 0.744464 0.534361 0.059433 0.131061
0 0.685962 0.582927 0.060393 0.128962
0 0.659683 0.525716 0.034542 0.106326
0 0.646426 0.729547 0.084009 0.188575
0 0.619937 0.632146 0.070861 0.180954
0 0.598110 0.544188 0.027628 0.084003
0 0.473057 0.588039 0.036895 0.184622
0 0.448867 0.651373 0.067634 0.213685
0 0.422919 0.840615 0.090054 0.318770
0 0.402743 0.560115 0.043873 0.126573
0 0.355646 0.746525 0.061163 0.275972
0 0.327282 0.569298 0.040391 0.110653
0 0.291020 0.692065 0.081925 0.254108
0 0.183610 0.837717 0.119420 0.324566
