0 0.963802 0.821296 0.072396 0.355556
0 0.924219 0.731019 0.086979 0.189815
0 0.883854 0.675463 0.065625 0.180556
0 0.862240 0.543056 0.071354 0.197222
0 0.823958 0.513426 0.038542 0.115741
0 0.802865 0.564352 0.056771 0.091667
0 0.742708 0.536574 0.054167 0.154630
0 0.732292 0.621296 0.073958 0.153704
0 0.660417 0.652778 0.084375 0.153704
0 0.498177 0.575000 0.050521 0.146296
0 0.473177 0.657407 0.068229 0.187037
0 0.423698 0.573611 0.046354 0.110185
0 0.374219 0.743056 0.071354 0.243518
0 0.185156 0.839352 0.128646 0.319444
