0 0.13177083 0.65462963 0.089583333 0.12777778
0 0.2296875 0.67777778 0.076041667 0.16851852
0 0.27942708 0.56990741 0.0890625 0.11574074
0 0.33619792 0.76759259 0.12552083 0.22222222
0 0.33984375 0.61944444 0.11822917 0.14074074
0 0.34973958 0.54212963 0.074479167 0.17685185
0 0.38880208 0.49166667 0.022395833 0.14444444
0 0.41458333 0.57638889 0.057291667 0.35833333
0 0.55390625 0.74027778 0.083854167 0.36203704
0 0.66302083 0.69583333 0.061458333 0.2287037
0 0.68255208 0.5287037 0.074479167 0.2037037
0 0.7296875 0.77083333 0.115625 0.45648148
