0 0.903775 0.839507 0.129311 0.259634
0 0.853889 0.775671 0.067727 0.221643
0 0.819376 0.680209 0.074943 0.161333
0 0.792117 0.623461 0.052839 0.136892
0 0.767889 0.594292 0.036356 0.103317
0 0.743903 0.726900 0.083775 0.182536
0 0.714062 0.665026 0.059066 0.132659
0 0.713120 0.665909 0.060038 0.134692
0 0.698405 0.609901 0.057485 0.140253
0 0.689984 0.579357 0.026707 0.070411
0 0.643155 0.748705 0.088585 0.249835
0 0.635532 0.589129 0.090992 0.224889
0 0.573840 0.449107 0.069998 0.353584
0 0.486520 0.590618 0.048696 0.179102
0 0.426493 0.699235 0.072416 0.182392
0 0.427416 0.529290 0.023304 0.077826
0 0.417112 0.552154 0.058972 0.144272
0 0.386457 0.619798 0.050691 0.214164
0 0.365913 0.678200 0.060103 0.224771
0 0.345788 0.715694 0.080393 0.219977
0 0.331252 0.543261 0.039112 0.133611
0 0.306550 0.558869 0.056634 0.142106
0 0.262627 0.641779 0.080010 0.178293
0 0.217337 0.665603 0.095216 0.214649
0 0.154232 0.827718 0.143856 0.344564
