0 0.039583333 0.72685185 0.079166667 0.3537037
0 0.083854167 0.59074074 0.058333333 0.2
0 0.15833333 0.71805556 0.092708333 0.36018519
0 0.21067708 0.58425926 0.074479167 0.18888889
0 0.31145833 0.73425926 0.084375 0.27037037
0 0.34166667 0.60833333 0.070833333 0.25740741
0 0.37630208 0.5587963 0.0421875 0.21944444
0 0.48177083 0.59212963 0.0625 0.32314815
0 0.53255208 0.73518519 0.084895833 0.52777778
0 0.56015625 0.57777778 0.044270833 0.10925926
0 0.65833333 0.68518519 0.072916667 0.28518519
0 0.72265625 0.75046296 0.074479167 0.49722222
