0 0.886454 0.733156 0.087316 0.217441
0 0.840380 0.670787 0.059201 0.207833
0 0.767792 0.548917 0.050982 0.107449
0 0.736615 0.535997 0.045309 0.129324
0 0.702268 0.595424 0.062407 0.138468
0 0.677575 0.534791 0.031758 0.110852
0 0.673766 0.748958 0.112102 0.183733
0 0.636987 0.642975 0.058514 0.156206
0 0.626634 0.555383 0.031894 0.086638
0 0.498645 0.567621 0.038615 0.109035
0 0.481163 0.669035 0.061927 0.205842
0 0.460102 0.846477 0.091726 0.307045
0 0.430873 0.600518 0.047592 0.266315
0 0.391035 0.765071 0.060197 0.282641
0 0.364313 0.586451 0.037767 0.114264
0 0.228815 0.846870 0.116909 0.306260
