0 0.937500 0.892130 0.077083 0.152778
0 0.883854 0.675463 0.065625 0.180556
0 0.804167 0.563426 0.057292 0.089815
0 0.762240 0.516667 0.033854 0.166667
0 0.734375 0.610185 0.068750 0.131482
0 0.711198 0.531482 0.049479 0.153704
0 0.688021 0.512500 0.029167 0.115741
0 0.667448 0.655556 0.085938 0.159259
0 0.564063 0.683796 0.063542 0.369444
0 0.505208 0.769907 0.071875 0.458333
0 0.484115 0.566667 0.023438 0.079630
0 0.458854 0.635185 0.051042 0.140741
0 0.422396 0.573148 0.045833 0.100000
0 0.372396 0.738889 0.072917 0.250000
0 0.184115 0.833796 0.128646 0.326852
