0 0.07421875 0.73240741 0.086979167 0.18518519
0 0.11614583 0.675 0.064583333 0.18148148
0 0.16510417 0.53981481 0.044791667 0.20555556
0 0.19713542 0.56481481 0.056770833 0.090740741
0 0.20859375 0.82962963 0.11614583 0.33888889
0 0.21666667 0.51898148 0.048958333 0.14166667
0 0.25026042 0.80046296 0.071354167 0.39722222
0 0.26380208 0.52638889 0.0453125 0.14907407
0 0.27630208 0.60416667 0.047395833 0.1212963
0 0.33463542 0.65277778 0.096354167 0.15925926
0 0.50260417 0.62037037 0.042708333 0.2
0 0.52682292 0.65740741 0.069270833 0.18703704
0 0.5765625 0.575 0.046875 0.10555556
0 0.62578125 0.74351852 0.071354167 0.24444444
0 0.81510417 0.83935185 0.128125 0.31944444
