0 0.929688 0.751389 0.140625 0.237963
0 0.870833 0.698611 0.071875 0.206481
0 0.811979 0.614352 0.086458 0.137963
0 0.788281 0.545370 0.045312 0.107407
0 0.764583 0.533796 0.038542 0.099074
0 0.743229 0.657407 0.087500 0.159259
0 0.702604 0.606944 0.061458 0.121296
0 0.682552 0.553704 0.053646 0.124074
0 0.628385 0.688426 0.092188 0.228704
0 0.604688 0.551389 0.043750 0.087963
0 0.594531 0.523611 0.043229 0.095370
0 0.552083 0.603241 0.076042 0.386111
0 0.540365 0.362963 0.057813 0.233333
0 0.443750 0.549537 0.051042 0.156482
0 0.379687 0.693981 0.075000 0.228704
0 0.369792 0.503704 0.059375 0.164815
0 0.331771 0.595833 0.055208 0.193519
0 0.308854 0.652778 0.062500 0.212963
0 0.288021 0.717130 0.085417 0.260185
0 0.265365 0.523148 0.039062 0.118519
0 0.237240 0.541667 0.058854 0.131481
0 0.189062 0.625926 0.088542 0.164815
0 0.157292 0.668519 0.136458 0.229630
0 0.075260 0.825926 0.149479 0.346296
