0 0.035165 0.790697 0.070330 0.185615
0 0.047154 0.718579 0.094308 0.184281
0 0.144943 0.601177 0.070125 0.111438
0 0.157483 0.583311 0.044830 0.099643
0 0.218786 0.631066 0.081263 0.125390
0 0.249516 0.576815 0.042953 0.096707
0 0.261684 0.789213 0.140284 0.259385
0 0.313935 0.664220 0.074507 0.153881
0 0.323548 0.585545 0.038054 0.074287
0 0.415669 0.724712 0.113100 0.492882
0 0.455022 0.517445 0.049593 0.135737
0 0.492987 0.617293 0.070345 0.189034
0 0.551068 0.818872 0.117738 0.294422
0 0.566046 0.570062 0.057189 0.114636
0 0.630354 0.698838 0.078172 0.192597
0 0.659125 0.568051 0.051909 0.098565
0 0.704940 0.679478 0.106156 0.249395
0 0.845330 0.797926 0.156980 0.333243
