0 0.930469 0.748611 0.139062 0.239815
0 0.875781 0.695370 0.078646 0.209259
0 0.795312 0.556481 0.059375 0.127778
0 0.766146 0.531019 0.038542 0.095370
0 0.744792 0.657407 0.088542 0.161111
0 0.704688 0.603704 0.053125 0.120370
0 0.683594 0.553241 0.051562 0.123148
0 0.649479 0.816667 0.137500 0.364815
0 0.614583 0.648611 0.062500 0.141667
0 0.605469 0.550000 0.045313 0.090741
0 0.589844 0.531018 0.036979 0.110185
0 0.530469 0.652778 0.084896 0.472222
0 0.527604 0.375000 0.066667 0.255556
0 0.435156 0.636574 0.082813 0.421296
0 0.371354 0.516667 0.050000 0.103704
0 0.354167 0.675926 0.110417 0.440741
0 0.297135 0.579167 0.027604 0.078704
0 0.296875 0.576852 0.026042 0.074074
0 0.279427 0.677315 0.065104 0.189815
0 0.266667 0.524074 0.038542 0.120370
0 0.239844 0.539815 0.057812 0.129630
0 0.189323 0.680556 0.094271 0.275926
0 0.075781 0.825000 0.150521 0.348148
