0 0.068229167 0.73842593 0.10104167 0.1787037
0 0.11171875 0.67546296 0.077604167 0.18055556
0 0.20338542 0.56064815 0.0609375 0.10277778
0 0.22369792 0.54722222 0.034895833 0.10185185
0 0.2734375 0.60324074 0.067708333 0.11759259
0 0.29869792 0.55092593 0.034895833 0.096296296
0 0.30625 0.74814815 0.1 0.19444444
0 0.35052083 0.64444444 0.061458333 0.14074074
0 0.359375 0.56342593 0.034375 0.080555556
0 0.50546875 0.56759259 0.036979167 0.085185185
0 0.52682292 0.65972222 0.072395833 0.18796296
0 0.55625 0.8212963 0.09375 0.27222222
0 0.57630208 0.57685185 0.047395833 0.10740741
0 0.62447917 0.74305556 0.070833333 0.24351852
0 0.65677083 0.58518519 0.042708333 0.096296296
0 0.70208333 0.70231481 0.089583333 0.2287037
0 0.81197917 0.83657407 0.12604167 0.3212963
