0 0.920573 0.741667 0.110937 0.174074
0 0.881510 0.674537 0.081771 0.176852
0 0.797656 0.585648 0.056771 0.069444
0 0.780729 0.550926 0.037500 0.096296
0 0.730208 0.603241 0.059375 0.115741
0 0.700521 0.542130 0.033333 0.075000
0 0.692448 0.754167 0.106771 0.191667
0 0.670052 0.682407 0.090104 0.203704
0 0.639844 0.584259 0.041146 0.092593
0 0.554427 0.789815 0.078646 0.418519
0 0.509896 0.575000 0.046875 0.133333
0 0.489062 0.619907 0.059375 0.184259
0 0.445312 0.826389 0.092708 0.286111
0 0.423698 0.580093 0.047396 0.112037
0 0.374479 0.740741 0.069792 0.231481
0 0.357031 0.569444 0.089062 0.231481
0 0.305469 0.703704 0.084896 0.242593
0 0.187500 0.837963 0.126042 0.320370
