0 0.966146 0.748148 0.067708 0.175926
0 0.900521 0.665278 0.081250 0.130556
0 0.891667 0.825926 0.129167 0.227778
0 0.860677 0.609722 0.049479 0.134259
0 0.809896 0.718056 0.101042 0.165741
0 0.759375 0.618056 0.064583 0.123148
0 0.740104 0.591667 0.042708 0.112963
0 0.716927 0.846759 0.132812 0.299074
0 0.679948 0.706481 0.082812 0.150000
0 0.663542 0.553241 0.023958 0.041667
0 0.658854 0.642593 0.059375 0.150000
0 0.602604 0.452778 0.064583 0.335185
0 0.479948 0.659722 0.041146 0.156482
0 0.467188 0.544444 0.073958 0.192593
0 0.465625 0.711574 0.067708 0.236111
0 0.454167 0.770833 0.034375 0.125000
0 0.427865 0.843056 0.142187 0.312037
0 0.396615 0.579167 0.053646 0.121296
0 0.361198 0.694444 0.055729 0.212963
0 0.332552 0.747222 0.081771 0.231481
0 0.309896 0.563889 0.050000 0.133333
0 0.261198 0.596759 0.077604 0.169444
0 0.253385 0.839352 0.157812 0.319444
0 0.166667 0.700926 0.061458 0.151852
0 0.112500 0.845833 0.162500 0.306481
