0 0.956510 0.764815 0.086979 0.220370
0 0.918750 0.700926 0.057292 0.164815
0 0.915885 0.930556 0.168229 0.137037
0 0.849479 0.781944 0.120833 0.215741
0 0.826042 0.582407 0.060417 0.129630
0 0.773958 0.685185 0.090625 0.164815
0 0.736719 0.628704 0.060938 0.125926
0 0.716406 0.581019 0.064062 0.132407
0 0.697135 0.418519 0.071354 0.287037
0 0.680990 0.825000 0.119271 0.338889
0 0.676302 0.530093 0.053646 0.182407
0 0.639844 0.672222 0.068229 0.146296
0 0.634115 0.573611 0.048437 0.091667
0 0.615365 0.554167 0.034896 0.110185
0 0.561198 0.568056 0.065104 0.315741
0 0.479948 0.592593 0.052604 0.201852
0 0.469531 0.790741 0.046354 0.144444
0 0.422396 0.681019 0.057292 0.180556
0 0.406510 0.821296 0.147396 0.355556
0 0.401823 0.542130 0.061979 0.113889
0 0.364062 0.612500 0.052083 0.197222
0 0.341927 0.656018 0.055729 0.197222
0 0.314844 0.745370 0.077604 0.283333
0 0.292188 0.544444 0.044792 0.122222
0 0.270052 0.557407 0.056771 0.125926
0 0.238281 0.815741 0.154688 0.366667
0 0.202604 0.619444 0.053125 0.114815
0 0.102344 0.832407 0.156771 0.333333
