0 0.020051 0.632474 0.040103 0.146880
0 0.033328 0.818014 0.066656 0.263192
0 0.036414 0.571819 0.063806 0.139479
0 0.096391 0.698475 0.119420 0.184861
0 0.157580 0.596316 0.074459 0.142150
0 0.179363 0.567154 0.048342 0.131388
0 0.199576 0.839056 0.155940 0.321888
0 0.249576 0.699038 0.080862 0.170297
0 0.268468 0.390821 0.059270 0.311037
0 0.267270 0.570148 0.049447 0.127336
0 0.270293 0.631152 0.090298 0.170840
0 0.280394 0.562655 0.058545 0.109340
0 0.457087 0.617668 0.054278 0.198605
0 0.477072 0.654903 0.054091 0.188305
0 0.486136 0.724502 0.079769 0.272091
0 0.512912 0.761612 0.072964 0.254209
0 0.531547 0.849313 0.178368 0.301374
0 0.539339 0.493523 0.078945 0.226774
0 0.565861 0.577014 0.062421 0.128082
0 0.610702 0.659497 0.064396 0.139513
0 0.639517 0.746728 0.093425 0.213203
0 0.663087 0.570750 0.062150 0.145557
0 0.721423 0.609160 0.091281 0.192502
0 0.721599 0.845969 0.182225 0.308062
0 0.817162 0.733233 0.091131 0.184263
0 0.882665 0.862789 0.194160 0.274422
