0 0.073958333 0.75601852 0.14166667 0.23240741
0 0.14192708 0.68703704 0.058854167 0.16481481
0 0.22395833 0.76388889 0.159375 0.21666667
0 0.22447917 0.56481481 0.057291667 0.12222222
0 0.25520833 0.5412037 0.046875 0.09537037
0 0.27552083 0.67037037 0.088541667 0.16481481
0 0.31223958 0.61342593 0.059895833 0.1212963
0 0.32916667 0.56712963 0.065625 0.125
0 0.34453125 0.55185185 0.0390625 0.10185185
0 0.36380208 0.82083333 0.1203125 0.35648148
0 0.40442708 0.6587963 0.0671875 0.14351852
0 0.41223958 0.55925926 0.0453125 0.092592593
0 0.42890625 0.54074074 0.041145833 0.11111111
0 0.48333333 0.43055556 0.078125 0.3462963
0 0.56979167 0.58333333 0.045833333 0.20185185
0 0.59453125 0.70833333 0.0828125 0.2962963
0 0.61510417 0.71388889 0.030208333 0.07962963
0 0.63489583 0.52824074 0.084375 0.10092593
0 0.64296875 0.81712963 0.14114583 0.36388889
0 0.68411458 0.60648148 0.052604167 0.19444444
0 0.70755208 0.65555556 0.0578125 0.1962963
0 0.7328125 0.72824074 0.077083333 0.26203704
0 0.75338542 0.5375 0.041145833 0.12314815
0 0.78020833 0.5537037 0.058333333 0.13148148
0 0.83098958 0.69351852 0.097395833 0.27777778
0 0.93385417 0.83055556 0.13125 0.33703704
