0 0.061979167 0.89814815 0.077083333 0.15
0 0.11744792 0.67546296 0.063020833 0.18240741
0 0.19739583 0.56574074 0.05625 0.092592593
0 0.2328125 0.55416667 0.047916667 0.11203704
0 0.27317708 0.60416667 0.068229167 0.11759259
0 0.29973958 0.55046296 0.033854167 0.09537037
0 0.30729167 0.73888889 0.12395833 0.15925926
0 0.34791667 0.64490741 0.0625 0.13425926
0 0.3578125 0.5662037 0.035416667 0.075
0 0.50364583 0.57268519 0.041666667 0.09537037
0 0.52526042 0.66111111 0.068229167 0.18148148
0 0.55078125 0.83101852 0.097395833 0.29722222
0 0.58098958 0.59953704 0.049479167 0.23240741
0 0.62838542 0.74259259 0.0640625 0.24444444
0 0.65651042 0.5837963 0.0421875 0.099074074
0 0.81328125 0.83657407 0.12760417 0.3212963
