0 0.017708333 0.63472222 0.035416667 0.31944444
0 0.064322917 0.89537037 0.0796875 0.1537037
0 0.067708333 0.60694444 0.05 0.21203704
0 0.11223958 0.53888889 0.0546875 0.12592593
0 0.1171875 0.67731481 0.061458333 0.1787037
0 0.19661458 0.56435185 0.055729167 0.091666667
0 0.19661458 0.56481481 0.055729167 0.092592593
0 0.2734375 0.60925926 0.066666667 0.12777778
0 0.34401042 0.65046296 0.0765625 0.14537037
0 0.46302083 0.5912037 0.053125 0.28611111
0 0.52786458 0.65833333 0.0703125 0.18518519
0 0.57161458 0.54490741 0.044270833 0.17685185
0 0.62578125 0.70601852 0.071354167 0.16759259
0 0.79921875 0.84027778 0.0953125 0.31759259
