0 0.864641 0.827407 0.105992 0.229829
0 0.827951 0.729328 0.058455 0.156213
0 0.770302 0.796982 0.106828 0.190398
0 0.745140 0.619017 0.052151 0.118907
0 0.702384 0.711461 0.077552 0.143298
0 0.664412 0.618272 0.064635 0.183848
0 0.637327 0.621793 0.028459 0.122775
0 0.633586 0.609852 0.028127 0.096989
0 0.622280 0.550246 0.036417 0.218943
0 0.621514 0.821582 0.115361 0.261621
0 0.585081 0.708577 0.066212 0.132366
0 0.574087 0.655811 0.054579 0.133503
0 0.566689 0.621040 0.023688 0.065397
0 0.558867 0.605637 0.040249 0.099093
0 0.546063 0.499329 0.048618 0.296759
0 0.429225 0.654451 0.040797 0.176434
0 0.415813 0.692488 0.048020 0.180755
0 0.413094 0.672846 0.043499 0.142717
0 0.407963 0.727073 0.057754 0.206119
0 0.385536 0.744111 0.053326 0.175334
0 0.372085 0.831331 0.122990 0.262737
0 0.349511 0.610530 0.038467 0.099826
0 0.335766 0.640115 0.051797 0.126141
0 0.311783 0.710429 0.047551 0.179125
0 0.288915 0.797629 0.074220 0.267195
0 0.268272 0.604968 0.046721 0.114659
0 0.225727 0.835676 0.138719 0.266599
0 0.154360 0.726108 0.063855 0.158043
0 0.110456 0.851252 0.111995 0.243765
