0 0.929167 0.741667 0.093750 0.174074
0 0.884896 0.676389 0.077083 0.180556
0 0.790885 0.561574 0.063021 0.113889
0 0.727865 0.603241 0.064062 0.112037
0 0.700000 0.552778 0.036458 0.092593
0 0.684635 0.731019 0.089063 0.163889
0 0.656771 0.645370 0.075000 0.157407
0 0.633854 0.568056 0.029167 0.073148
0 0.499479 0.604630 0.038542 0.161111
0 0.473177 0.659722 0.071354 0.186111
0 0.444271 0.826852 0.094792 0.281482
0 0.424219 0.579167 0.046354 0.110185
0 0.372656 0.741667 0.064062 0.240741
0 0.343229 0.586111 0.042708 0.096296
0 0.303646 0.693056 0.086458 0.221296
0 0.187500 0.837963 0.126042 0.320370
