0 0.103195 0.788308 0.104978 0.199300
0 0.139578 0.710476 0.073581 0.201668
0 0.221052 0.586524 0.055069 0.120641
0 0.231541 0.567424 0.034684 0.109677
0 0.280361 0.627985 0.063884 0.135507
0 0.306256 0.569253 0.033210 0.106501
0 0.312255 0.812484 0.109496 0.283122
0 0.356880 0.675306 0.057860 0.168844
0 0.366103 0.586625 0.029631 0.081300
0 0.438240 0.738845 0.083081 0.522311
0 0.473907 0.522217 0.037902 0.150565
0 0.502863 0.639793 0.053826 0.209554
0 0.546274 0.856262 0.090493 0.287477
0 0.562940 0.593306 0.044474 0.125613
0 0.612722 0.746485 0.060135 0.212848
0 0.638420 0.600350 0.040469 0.107726
0 0.673529 0.731907 0.081885 0.275119
0 0.785167 0.848953 0.121740 0.302094
