0 0.127604 0.698148 0.076042 0.203704
0 0.168750 0.618519 0.050000 0.135185
0 0.208854 0.557407 0.060417 0.127778
0 0.237500 0.532870 0.038542 0.097222
0 0.258854 0.661111 0.088542 0.166667
0 0.299740 0.603704 0.057813 0.124074
0 0.317448 0.550926 0.056771 0.125926
0 0.327083 0.520833 0.017708 0.056481
0 0.372656 0.699537 0.094271 0.243518
0 0.374219 0.418056 0.064062 0.330556
0 0.403125 0.587500 0.060417 0.150926
0 0.409896 0.532407 0.038542 0.112963
0 0.558073 0.528241 0.050521 0.117593
0 0.618750 0.711574 0.072917 0.275000
0 0.632292 0.523148 0.032292 0.107407
0 0.647135 0.525000 0.047396 0.109259
0 0.666927 0.593518 0.051563 0.194444
0 0.689583 0.636574 0.057292 0.191667
0 0.711198 0.702315 0.086979 0.226852
0 0.737240 0.524537 0.041146 0.125000
0 0.763542 0.539352 0.060417 0.125000
0 0.807552 0.623148 0.076563 0.161111
0 0.858073 0.653704 0.098438 0.190741
0 0.922396 0.812037 0.154167 0.296296
