0 0.935945 0.706659 0.112055 0.206271
0 0.896187 0.638466 0.085110 0.205271
0 0.813701 0.552627 0.056325 0.084025
0 0.796180 0.516900 0.039819 0.110796
0 0.751970 0.581275 0.061143 0.135152
0 0.721231 0.518381 0.034845 0.086866
0 0.724721 0.752011 0.109096 0.224984
0 0.700202 0.676430 0.094241 0.235871
0 0.667060 0.572996 0.043013 0.107241
0 0.598381 0.787664 0.094731 0.424671
0 0.545890 0.580869 0.050445 0.152710
0 0.528868 0.633002 0.064693 0.210287
0 0.498935 0.851095 0.100930 0.297809
0 0.466097 0.598410 0.049825 0.129429
0 0.428710 0.781397 0.076815 0.263513
0 0.403628 0.595982 0.094713 0.266187
0 0.362697 0.750357 0.091419 0.277793
0 0.260090 0.864775 0.133664 0.270449
