0 0.06953125 0.75 0.1390625 0.23888889
0 0.12578125 0.6962963 0.075520833 0.20925926
0 0.20364583 0.55648148 0.059375 0.12777778
0 0.23255208 0.53101852 0.0390625 0.09537037
0 0.25338542 0.66111111 0.084895833 0.16851852
0 0.28489583 0.59861111 0.036458333 0.11018519
0 0.28515625 0.59907407 0.0359375 0.11111111
0 0.29765625 0.52361111 0.0296875 0.071296296
0 0.321875 0.51944444 0.019791667 0.059259259
0 0.34635417 0.64398148 0.12291667 0.36759259
0 0.39557292 0.54907407 0.0390625 0.088888889
0 0.40572917 0.52268519 0.040625 0.097222222
0 0.47057292 0.61527778 0.069270833 0.4287037
0 0.4734375 0.3587963 0.060416667 0.225
0 0.54296875 0.6337963 0.0734375 0.43055556
0 0.61848958 0.52222222 0.071354167 0.11666667
0 0.61848958 0.69259259 0.075520833 0.22962963
0 0.66458333 0.5962963 0.051041667 0.19259259
0 0.68671875 0.64444444 0.056770833 0.20740741
0 0.69947917 0.6875 0.0625 0.20092593
0 0.73255208 0.52361111 0.0390625 0.1212963
0 0.75833333 0.49953704 0.023958333 0.049074074
0 0.78229167 0.70231481 0.11979167 0.53055556
0 0.83541667 0.60185185 0.04375 0.12037037
0 0.83541667 0.60277778 0.04375 0.11851852
0 0.9234375 0.82453704 0.15208333 0.34907407
