0 0.06328125 0.86342593 0.1265625 0.2712963
0 0.10390625 0.74212963 0.068229167 0.17685185
0 0.17005208 0.66666667 0.083854167 0.13148148
0 0.17916667 0.81203704 0.12604167 0.20185185
0 0.20572917 0.61481481 0.053125 0.13518519
0 0.25130208 0.71759259 0.088020833 0.15925926
0 0.30416667 0.61527778 0.0625 0.12314815
0 0.32786458 0.59675926 0.036979167 0.11388889
0 0.34713542 0.84907407 0.1296875 0.3
0 0.38880208 0.71111111 0.074479167 0.14814815
0 0.39973958 0.64814815 0.0640625 0.15
0 0.40286458 0.59305556 0.038020833 0.10648148
0 0.40885417 0.59212963 0.046875 0.11018519
0 0.43567708 0.46574074 0.0515625 0.34259259
0 0.56927083 0.62916667 0.044791667 0.17685185
0 0.58645833 0.66111111 0.046875 0.16296296
0 0.5953125 0.72222222 0.066666667 0.23518519
0 0.61770833 0.7462963 0.055208333 0.20185185
0 0.63567708 0.84861111 0.1421875 0.30092593
0 0.65963542 0.58842593 0.046354167 0.11574074
0 0.6796875 0.63425926 0.054166667 0.15555556
0 0.70234375 0.70694444 0.058854167 0.21574074
0 0.73020833 0.76203704 0.0875 0.23703704
0 0.73828125 0.53888889 0.075520833 0.2462963
0 0.80625 0.84351852 0.15416667 0.31111111
0 0.8921875 0.7212963 0.083333333 0.16296296
0 0.93854167 0.85740741 0.121875 0.28333333
