0 0.070572917 0.75046296 0.14114583 0.23611111
0 0.13020833 0.69583333 0.072916667 0.20833333
0 0.21510417 0.55231481 0.076041667 0.25833333
0 0.25807292 0.66157407 0.088020833 0.16388889
0 0.30104167 0.61157407 0.058333333 0.13055556
0 0.31848958 0.55462963 0.053645833 0.12407407
0 0.37317708 0.70185185 0.093229167 0.25
0 0.39635417 0.55231481 0.044791667 0.089814815
0 0.40755208 0.525 0.0421875 0.096296296
0 0.45833333 0.36851852 0.055208333 0.24259259
0 0.48125 0.62777778 0.1 0.44259259
0 0.55208333 0.55277778 0.038541667 0.15925926
0 0.59114583 0.47777778 0.05625 0.20740741
0 0.621875 0.69537037 0.076041667 0.22962963
0 0.63802083 0.51898148 0.044791667 0.10277778
0 0.67057292 0.59212963 0.055729167 0.18240741
0 0.69192708 0.65138889 0.063020833 0.21759259
0 0.71223958 0.71712963 0.0859375 0.26203704
0 0.73671875 0.52546296 0.040104167 0.1212963
0 0.76354167 0.54305556 0.059375 0.13055556
0 0.79401042 0.71712963 0.056770833 0.21018519
0 0.8390625 0.64953704 0.12291667 0.19537037
0 0.92526042 0.82685185 0.1484375 0.34444444
