0 0.909980 0.668720 0.150413 0.236512
0 0.839032 0.609050 0.064442 0.163743
0 0.757988 0.690626 0.167933 0.223106
0 0.751761 0.499699 0.061637 0.122734
0 0.719902 0.479989 0.050298 0.095977
0 0.702986 0.605846 0.094568 0.166585
0 0.664095 0.554732 0.064253 0.122095
0 0.645592 0.511939 0.070173 0.126196
0 0.629563 0.498753 0.042555 0.101447
0 0.617708 0.758638 0.132295 0.353496
0 0.571844 0.607080 0.072289 0.144111
0 0.561066 0.512339 0.048633 0.093163
0 0.543623 0.496169 0.044935 0.110529
0 0.485238 0.395674 0.089193 0.339687
0 0.401875 0.550512 0.052289 0.198028
0 0.380348 0.672795 0.092518 0.292170
0 0.359630 0.680093 0.032934 0.079282
0 0.334231 0.503891 0.088511 0.104896
0 0.334309 0.781802 0.153649 0.362595
0 0.286525 0.583659 0.058948 0.191570
0 0.264146 0.632980 0.064286 0.193845
0 0.240593 0.705127 0.085724 0.258756
0 0.214256 0.524113 0.045279 0.122077
0 0.187500 0.542225 0.062959 0.131716
0 0.139971 0.681212 0.106787 0.275800
0 0.055464 0.822520 0.110928 0.335889
