0 0.040748 0.543828 0.081496 0.133159
0 0.052676 0.700083 0.105353 0.235592
0 0.077482 0.495076 0.063801 0.122904
0 0.132493 0.610269 0.118716 0.171956
0 0.194188 0.525555 0.074763 0.127005
0 0.215040 0.501731 0.049796 0.114062
0 0.230273 0.745779 0.158038 0.306195
0 0.278914 0.525386 0.039147 0.078012
0 0.281147 0.619324 0.080847 0.149458
0 0.302148 0.512828 0.048998 0.108764
0 0.302257 0.563159 0.091733 0.151819
0 0.306752 0.506023 0.056004 0.100216
0 0.370952 0.396713 0.077905 0.329768
0 0.483205 0.569215 0.055870 0.175423
0 0.503311 0.602168 0.058384 0.167987
0 0.512080 0.658064 0.083261 0.231068
0 0.543163 0.465010 0.068276 0.186640
0 0.536088 0.693741 0.075536 0.223089
0 0.552614 0.789207 0.176955 0.310524
0 0.593007 0.540553 0.056572 0.113264
0 0.632535 0.615553 0.064334 0.122113
0 0.658286 0.690410 0.094997 0.187718
0 0.683881 0.544292 0.062315 0.127888
0 0.739709 0.581280 0.092490 0.169216
0 0.735926 0.806963 0.181595 0.325861
0 0.830937 0.695763 0.091805 0.166528
0 0.891951 0.838033 0.193324 0.308451
