0 0.091927083 0.71666667 0.071354167 0.21481481
0 0.14192708 0.62685185 0.091145833 0.17037037
0 0.16510417 0.94027778 0.10208333 0.11759259
0 0.26354167 0.59722222 0.083333333 0.22037037
0 0.33697917 0.69953704 0.072916667 0.14907407
0 0.36796875 0.58333333 0.061979167 0.12407407
0 0.40885417 0.58101852 0.064583333 0.28240741
0 0.53125 0.6212963 0.089583333 0.25740741
0 0.65546875 0.65046296 0.0765625 0.28611111
0 0.71015625 0.53935185 0.053645833 0.13981481
0 0.76067708 0.64861111 0.072395833 0.4712963
0 0.91171875 0.81157407 0.1296875 0.375
