0 0.05234375 0.87361111 0.1046875 0.25092593
0 0.090885417 0.76296296 0.0640625 0.17592593
0 0.15494792 0.83564815 0.1171875 0.20648148
0 0.17135417 0.63518519 0.042708333 0.11851852
0 0.23203125 0.74583333 0.0890625 0.16944444
0 0.23489583 0.60185185 0.090625 0.23888889
0 0.26979167 0.68611111 0.057291667 0.11851852
0 0.32135417 0.85833333 0.12291667 0.28148148
0 0.35729167 0.48935185 0.052083333 0.30648148
0 0.36380208 0.73148148 0.0703125 0.1462963
0 0.37109375 0.63425926 0.046354167 0.087037037
0 0.38489583 0.60833333 0.041666667 0.10740741
0 0.51927083 0.65046296 0.035416667 0.20462963
0 0.546875 0.63425926 0.064583333 0.2462963
0 0.56197917 0.74212963 0.061458333 0.23055556
0 0.58697917 0.74027778 0.053125 0.17314815
0 0.59739583 0.85277778 0.134375 0.29259259
0 0.61119792 0.59814815 0.041145833 0.10555556
0 0.64375 0.64444444 0.057291667 0.13518519
0 0.6671875 0.72037037 0.061458333 0.1962963
0 0.69375 0.81342593 0.078125 0.28611111
0 0.71354167 0.60555556 0.038541667 0.12592593
0 0.73828125 0.6212963 0.055729167 0.13148148
0 0.76302083 0.85185185 0.15104167 0.29444444
0 0.80703125 0.67962963 0.061979167 0.12037037
0 0.90572917 0.86203704 0.15625 0.27407407
