0 0.11458333 0.6912037 0.10520833 0.21759259
0 0.16223958 0.61759259 0.066145833 0.13333333
0 0.20703125 0.55555556 0.058854167 0.12777778
0 0.2375 0.52685185 0.04375 0.10185185
0 0.25859375 0.66018519 0.088020833 0.16851852
0 0.29713542 0.60462963 0.0640625 0.12037037
0 0.29739583 0.60555556 0.064583333 0.12037037
0 0.31015625 0.54583333 0.0734375 0.11203704
0 0.33463542 0.51944444 0.0453125 0.15185185
0 0.37161458 0.70092593 0.093229167 0.2462963
0 0.40130208 0.58981481 0.065104167 0.15
0 0.40390625 0.37777778 0.072395833 0.25740741
0 0.409375 0.48009259 0.064583333 0.18055556
0 0.55572917 0.57222222 0.051041667 0.2
0 0.559375 0.45694444 0.0375 0.13055556
0 0.63125 0.82777778 0.14375 0.34259259
0 0.64817708 0.45925926 0.0328125 0.15925926
0 0.6578125 0.56064815 0.066666667 0.18055556
0 0.69739583 0.47777778 0.05 0.1962963
0 0.70260417 0.65046296 0.083333333 0.21388889
0 0.8046875 0.6875 0.10729167 0.28611111
