0 0.021199 0.643020 0.042398 0.120722
0 0.042187 0.794132 0.084373 0.222411
0 0.039964 0.588316 0.060388 0.119262
0 0.096272 0.686597 0.106564 0.154977
0 0.158835 0.593907 0.074598 0.117295
0 0.180450 0.567878 0.048360 0.107505
0 0.210168 0.804403 0.154714 0.290113
0 0.257933 0.672580 0.084384 0.138455
0 0.274761 0.558548 0.054224 0.102579
0 0.281583 0.643434 0.044947 0.075395
0 0.336239 0.430447 0.075603 0.317736
0 0.461900 0.582762 0.055742 0.169157
0 0.482491 0.611262 0.054435 0.160462
0 0.493635 0.665258 0.078450 0.223709
0 0.506009 0.722226 0.036014 0.115600
0 0.538982 0.786938 0.164296 0.296581
0 0.570076 0.523960 0.082383 0.250659
0 0.610575 0.617314 0.052474 0.147419
0 0.647847 0.692215 0.093835 0.220929
0 0.668923 0.520485 0.058691 0.125234
0 0.725142 0.548286 0.091226 0.161214
0 0.731795 0.770689 0.172822 0.312503
0 0.825067 0.643787 0.089883 0.149926
0 0.899330 0.773278 0.189167 0.293354
