0 0.930729 0.851852 0.138542 0.294444
0 0.884635 0.720833 0.055729 0.167593
0 0.818490 0.810185 0.120313 0.229630
0 0.792448 0.604630 0.060937 0.127778
0 0.742187 0.707407 0.088542 0.161111
0 0.706771 0.647685 0.058333 0.121296
0 0.684115 0.597222 0.061979 0.135185
0 0.667188 0.464815 0.080208 0.331482
0 0.651563 0.837037 0.121875 0.320370
0 0.609896 0.692593 0.065625 0.148148
0 0.604427 0.595370 0.047396 0.092593
0 0.581771 0.579167 0.042708 0.112037
0 0.565625 0.548148 0.044792 0.175926
0 0.490625 0.607407 0.061458 0.337037
0 0.442448 0.558333 0.036979 0.085185
0 0.426562 0.735648 0.087500 0.306481
0 0.389323 0.703241 0.054688 0.169444
0 0.380208 0.835185 0.137500 0.327778
0 0.365104 0.562037 0.056250 0.105556
0 0.330990 0.612037 0.050521 0.142593
0 0.309896 0.684259 0.057292 0.196296
0 0.283594 0.772222 0.079687 0.281482
0 0.263802 0.569907 0.041146 0.125000
0 0.238802 0.586111 0.059896 0.129630
0 0.211458 0.831944 0.151042 0.334259
0 0.171615 0.651852 0.058854 0.129630
0 0.073958 0.846759 0.146875 0.304630
