0 0.079427083 0.74166667 0.1109375 0.17407407
0 0.11848958 0.67453704 0.081770833 0.17685185
0 0.20234375 0.58564815 0.056770833 0.069444444
0 0.21927083 0.55092593 0.0375 0.096296296
0 0.26979167 0.60324074 0.059375 0.11574074
0 0.29947917 0.54212963 0.033333333 0.075
0 0.30755208 0.75416667 0.10677083 0.19166667
0 0.32994792 0.68240741 0.090104167 0.2037037
0 0.36015625 0.58425926 0.041145833 0.092592593
0 0.44557292 0.78981481 0.078645833 0.41851852
0 0.49010417 0.575 0.046875 0.13333333
0 0.5109375 0.61990741 0.059375 0.18425926
0 0.5546875 0.82638889 0.092708333 0.28611111
0 0.57630208 0.58009259 0.047395833 0.11203704
0 0.62552083 0.74074074 0.069791667 0.23148148
0 0.64296875 0.56944444 0.0890625 0.23148148
0 0.69453125 0.7037037 0.084895833 0.24259259
0 0.8125 0.83796296 0.12604167 0.32037037
