0 0.098530 0.749053 0.091651 0.183852
0 0.139009 0.680613 0.075486 0.187745
0 0.219700 0.528014 0.033986 0.060833
0 0.226148 0.559613 0.061491 0.116560
0 0.285904 0.596462 0.063525 0.120477
0 0.311617 0.543593 0.035600 0.098041
0 0.329018 0.727175 0.086994 0.170277
0 0.354477 0.644759 0.073896 0.180997
0 0.374408 0.555965 0.029353 0.077718
0 0.502324 0.587734 0.039256 0.168672
0 0.527808 0.652165 0.070030 0.214104
0 0.558646 0.814525 0.095081 0.299207
0 0.572963 0.554391 0.045640 0.110001
0 0.624321 0.720897 0.065276 0.252875
0 0.649425 0.559355 0.041556 0.101216
0 0.688984 0.669280 0.085582 0.232070
0 0.800764 0.810142 0.124741 0.336964
