0 0.034896 0.739352 0.069792 0.186111
0 0.100000 0.658333 0.072917 0.127778
0 0.102344 0.825000 0.119271 0.229630
0 0.133333 0.601852 0.054167 0.122222
0 0.188281 0.712500 0.102604 0.160185
0 0.240625 0.617593 0.063542 0.124074
0 0.259375 0.590278 0.040625 0.115741
0 0.281771 0.844444 0.132292 0.303704
0 0.323438 0.705093 0.068750 0.149074
0 0.335156 0.427315 0.047396 0.276852
0 0.336979 0.588426 0.041667 0.112037
0 0.340625 0.643056 0.077083 0.149074
0 0.348437 0.581019 0.050000 0.095370
0 0.505208 0.621296 0.044792 0.175926
0 0.523438 0.653704 0.044792 0.166667
0 0.532552 0.715741 0.066146 0.240741
0 0.556771 0.747685 0.060417 0.225000
0 0.575000 0.846759 0.152083 0.304630
0 0.575781 0.505556 0.066146 0.200000
0 0.600521 0.579167 0.053125 0.112037
0 0.641406 0.650926 0.054688 0.122222
0 0.668229 0.727778 0.079167 0.187037
0 0.686198 0.568519 0.052604 0.127778
0 0.738281 0.600000 0.077604 0.168519
0 0.742708 0.838889 0.155208 0.320370
0 0.824740 0.706481 0.077604 0.161111
0 0.885156 0.850000 0.166146 0.298148
