0 0.035156 0.744444 0.070312 0.194444
0 0.099740 0.661111 0.075521 0.129630
0 0.103385 0.826852 0.120313 0.231481
0 0.134115 0.603704 0.053646 0.122222
0 0.188542 0.717593 0.102083 0.166667
0 0.241146 0.618981 0.063542 0.125000
0 0.259115 0.590741 0.041146 0.114815
0 0.282552 0.846759 0.132812 0.304630
0 0.317969 0.606481 0.032812 0.077778
0 0.323698 0.705556 0.068229 0.148148
0 0.338542 0.589815 0.040625 0.109259
0 0.340625 0.643056 0.078125 0.149074
0 0.342448 0.581944 0.047396 0.099074
0 0.396354 0.456944 0.058333 0.341667
0 0.504948 0.623148 0.044271 0.179630
0 0.524479 0.655093 0.046875 0.171296
0 0.534635 0.712963 0.067188 0.235185
0 0.555208 0.504167 0.055208 0.189815
0 0.557813 0.747222 0.060417 0.227778
0 0.576563 0.845833 0.150000 0.306481
0 0.603385 0.576852 0.047396 0.112963
0 0.642187 0.650463 0.054167 0.121296
0 0.668490 0.725926 0.079687 0.187037
0 0.685938 0.567593 0.052083 0.127778
0 0.738021 0.598611 0.078125 0.167593
0 0.743490 0.837963 0.153646 0.322222
0 0.825260 0.706481 0.077604 0.164815
0 0.886198 0.848148 0.165104 0.301852
