0 0.0515625 0.85416667 0.103125 0.28981481
0 0.06484375 0.71805556 0.068229167 0.14907407
0 0.15182292 0.78564815 0.11302083 0.42685185
0 0.20703125 0.77037037 0.058854167 0.17407407
0 0.21197917 0.58287037 0.070833333 0.19351852
0 0.30833333 0.80555556 0.089583333 0.18518519
0 0.35052083 0.63055556 0.09375 0.16481481
0 0.52239583 0.62407407 0.09375 0.26481481
0 0.55260417 0.76018519 0.090625 0.33703704
0 0.60338542 0.82731481 0.11822917 0.34351852
0 0.67135417 0.66527778 0.090625 0.21574074
0 0.778125 0.79027778 0.125 0.28425926
