0 0.063281 0.863426 0.126563 0.271296
0 0.103906 0.742130 0.068229 0.176852
0 0.170052 0.666667 0.083854 0.131482
0 0.179167 0.812037 0.126042 0.201852
0 0.205729 0.614815 0.053125 0.135185
0 0.251302 0.717593 0.088021 0.159259
0 0.304167 0.615278 0.062500 0.123148
0 0.327865 0.596759 0.036979 0.113889
0 0.347135 0.849074 0.129687 0.300000
0 0.388802 0.711111 0.074479 0.148148
0 0.399740 0.648148 0.064062 0.150000
0 0.402865 0.593056 0.038021 0.106481
0 0.408854 0.592130 0.046875 0.110185
0 0.435677 0.465741 0.051562 0.342593
0 0.569271 0.629167 0.044792 0.176852
0 0.586458 0.661111 0.046875 0.162963
0 0.595312 0.722222 0.066667 0.235185
0 0.617708 0.746296 0.055208 0.201852
0 0.635677 0.848611 0.142187 0.300926
0 0.659635 0.588426 0.046354 0.115741
0 0.679688 0.634259 0.054167 0.155556
0 0.702344 0.706944 0.058854 0.215741
0 0.730208 0.762037 0.087500 0.237037
0 0.738281 0.538889 0.075521 0.246296
0 0.806250 0.843518 0.154167 0.311111
0 0.892187 0.721296 0.083333 0.162963
0 0.938542 0.857407 0.121875 0.283333
