0 0.06953125 0.75138889 0.1390625 0.23611111
0 0.12864583 0.69537037 0.069791667 0.20555556
0 0.17135417 0.60787037 0.080208333 0.14722222
0 0.20442708 0.55648148 0.055729167 0.12592593
0 0.23307292 0.53101852 0.038020833 0.09537037
0 0.25572917 0.65925926 0.089583333 0.16666667
0 0.29192708 0.60324074 0.063020833 0.1212963
0 0.29296875 0.60416667 0.0640625 0.12314815
0 0.31171875 0.55231481 0.0609375 0.1287037
0 0.32239583 0.52407407 0.028125 0.064814815
0 0.36979167 0.68935185 0.092708333 0.23055556
0 0.38411458 0.53842593 0.096354167 0.20648148
0 0.459375 0.41111111 0.067708333 0.33148148
0 0.55390625 0.5537037 0.049479167 0.16666667
0 0.61848958 0.6625 0.0765625 0.16759259
0 0.6234375 0.50092593 0.023958333 0.072222222
0 0.634375 0.52361111 0.0625 0.13240741
0 0.66692708 0.59074074 0.050520833 0.2
0 0.68828125 0.64814815 0.0609375 0.20925926
0 0.70989583 0.68564815 0.084375 0.20277778
0 0.73255208 0.52314815 0.040104167 0.12407407
0 0.76015625 0.54027778 0.059895833 0.13055556
0 0.80729167 0.62314815 0.085416667 0.16296296
0 0.85807292 0.65 0.1015625 0.1962963
0 0.92369792 0.82546296 0.1515625 0.34722222
