0 0.958340 0.693477 0.083319 0.142048
0 0.958040 0.692951 0.083920 0.145124
0 0.937458 0.870595 0.125084 0.258811
0 0.920661 0.634674 0.062261 0.151928
0 0.861439 0.746385 0.115993 0.183081
0 0.861393 0.748407 0.117240 0.187210
0 0.807914 0.634616 0.074636 0.138688
0 0.787228 0.603739 0.050114 0.124796
0 0.755170 0.854409 0.154795 0.291183
0 0.715976 0.723190 0.092071 0.170242
0 0.715399 0.723148 0.093225 0.170325
0 0.704548 0.553178 0.026325 0.042295
0 0.701735 0.650737 0.074246 0.171980
0 0.692688 0.591323 0.049998 0.119738
0 0.637746 0.440448 0.078833 0.372239
0 0.513925 0.633594 0.055595 0.238282
0 0.514297 0.592085 0.052541 0.155263
0 0.496513 0.661713 0.058502 0.214259
0 0.494770 0.649430 0.053859 0.187670
0 0.480253 0.715242 0.079333 0.268273
0 0.475316 0.665750 0.066165 0.171395
0 0.452383 0.732980 0.073095 0.222384
0 0.434918 0.837588 0.164263 0.324824
0 0.421387 0.559018 0.093233 0.271299
0 0.364461 0.684065 0.071111 0.236376
0 0.329926 0.740324 0.094179 0.262280
0 0.312578 0.538477 0.059259 0.146662
0 0.257206 0.570433 0.090803 0.190345
0 0.242305 0.822246 0.179642 0.355508
0 0.160764 0.678943 0.094472 0.174455
0 0.089601 0.828048 0.179202 0.343905
