0 0.09609375 0.7212963 0.074479167 0.21481481
0 0.12994792 0.57962963 0.0953125 0.26666667
0 0.17942708 0.79212963 0.10260417 0.21203704
0 0.30807292 0.55740741 0.050520833 0.22962963
0 0.33671875 0.69907407 0.072395833 0.14814815
0 0.375 0.55277778 0.0625 0.13888889
0 0.44505208 0.63333333 0.0671875 0.36481481
0 0.52916667 0.62222222 0.086458333 0.25740741
0 0.64322917 0.64907407 0.051041667 0.28333333
0 0.70234375 0.62777778 0.0796875 0.44444444
0 0.71666667 0.51898148 0.035416667 0.089814815
0 0.90572917 0.82407407 0.11979167 0.35
