0 0.0109375 0.70416667 0.021875 0.25092593
0 0.12708333 0.69722222 0.079166667 0.20555556
0 0.16484375 0.61805556 0.056770833 0.13611111
0 0.2078125 0.55740741 0.061458333 0.12777778
0 0.2375 0.53240741 0.038541667 0.098148148
0 0.25885417 0.65925926 0.088541667 0.16481481
0 0.3 0.60509259 0.055208333 0.125
0 0.31927083 0.55601852 0.055208333 0.13611111
0 0.33567708 0.54166667 0.028645833 0.1
0 0.37213542 0.69814815 0.0921875 0.24444444
0 0.40026042 0.58703704 0.0640625 0.15
0 0.40755208 0.53287037 0.0421875 0.11388889
0 0.4234375 0.41435185 0.053125 0.3212963
0 0.55625 0.5712963 0.05 0.20185185
0 0.61822917 0.69074074 0.071875 0.23333333
0 0.62916667 0.52546296 0.032291667 0.11574074
0 0.6453125 0.525 0.045833333 0.11111111
0 0.66432292 0.59722222 0.046354167 0.19444444
0 0.69375 0.60092593 0.051041667 0.12592593
0 0.70859375 0.69907407 0.0953125 0.22407407
0 0.73776042 0.52638889 0.043229167 0.12685185
0 0.76328125 0.54259259 0.0609375 0.12962963
0 0.80677083 0.625 0.076041667 0.16296296
0 0.85885417 0.65416667 0.097916667 0.18981481
0 0.91171875 0.83333333 0.17552083 0.33148148
