0 0.086821 0.750759 0.048776 0.325947
0 0.143651 0.961702 0.083695 0.076596
0 0.133609 0.715875 0.057844 0.220046
0 0.173283 0.641279 0.058380 0.134166
0 0.184421 0.779693 0.067323 0.188146
0 0.255572 0.655105 0.057802 0.099884
0 0.255593 0.655570 0.057845 0.100815
0 0.331498 0.689524 0.069982 0.137697
0 0.401244 0.721092 0.080307 0.156755
0 0.512925 0.644953 0.064263 0.294919
0 0.578358 0.703373 0.076134 0.195894
0 0.615189 0.583293 0.050714 0.183890
0 0.674691 0.737643 0.076324 0.178360
0 0.847618 0.841084 0.106272 0.317833
