0 0.114583 0.696759 0.104167 0.206481
0 0.165365 0.619907 0.059896 0.134259
0 0.206771 0.556944 0.056250 0.126852
0 0.237500 0.532870 0.038542 0.099074
0 0.258594 0.661111 0.089063 0.168519
0 0.295573 0.604167 0.066146 0.121296
0 0.311719 0.555556 0.061979 0.131481
0 0.327865 0.542130 0.038021 0.099074
0 0.331250 0.424074 0.066667 0.335185
0 0.373437 0.700000 0.094792 0.244444
0 0.401563 0.590741 0.063542 0.150000
0 0.410937 0.533796 0.035417 0.113889
0 0.558333 0.527315 0.048958 0.115741
0 0.622135 0.658333 0.071354 0.170370
0 0.631510 0.522222 0.026562 0.098148
0 0.646354 0.527778 0.044792 0.114815
0 0.668229 0.580556 0.050000 0.162963
0 0.689062 0.651389 0.061458 0.217593
0 0.712500 0.700926 0.088542 0.227778
0 0.736979 0.525463 0.040625 0.119444
0 0.764063 0.537963 0.057292 0.122222
0 0.807813 0.631019 0.078125 0.175000
0 0.856771 0.649074 0.097917 0.196296
0 0.912760 0.818519 0.173437 0.346296
