0 0.881319 0.726731 0.114091 0.225941
0 0.830162 0.641690 0.065993 0.146295
0 0.788457 0.572034 0.061995 0.138197
0 0.756936 0.544227 0.042784 0.107510
0 0.731660 0.677796 0.097346 0.184719
0 0.694432 0.614835 0.072201 0.133118
0 0.678774 0.562303 0.068101 0.143530
0 0.662232 0.546873 0.042239 0.107469
0 0.661661 0.422116 0.078122 0.358706
0 0.610620 0.709759 0.105244 0.265235
0 0.583963 0.592329 0.070200 0.163181
0 0.575594 0.531542 0.039889 0.122886
0 0.421662 0.513098 0.054093 0.125906
0 0.351667 0.646232 0.078880 0.185277
0 0.345288 0.501964 0.030237 0.105590
0 0.329630 0.506653 0.049713 0.124601
0 0.305434 0.560585 0.056369 0.175784
0 0.281873 0.633638 0.069721 0.234294
0 0.256126 0.684029 0.098291 0.247167
0 0.234945 0.497074 0.045474 0.129155
0 0.206316 0.508122 0.062968 0.133397
0 0.158239 0.602804 0.086074 0.190692
0 0.106602 0.617987 0.107301 0.214708
0 0.069410 0.792258 0.138821 0.378833
