0 0.934013 0.949879 0.084420 0.100243
0 0.888376 0.744059 0.071751 0.198200
0 0.812945 0.618952 0.060833 0.104006
0 0.777836 0.601977 0.053336 0.123026
0 0.734935 0.648236 0.074029 0.131638
0 0.710661 0.588762 0.038424 0.103754
0 0.694450 0.783330 0.132010 0.182699
0 0.657867 0.680070 0.069026 0.148139
0 0.651507 0.596973 0.039065 0.082824
0 0.504468 0.583285 0.046285 0.104848
0 0.478677 0.672064 0.076949 0.197968
0 0.445231 0.841891 0.111588 0.316217
0 0.425414 0.600335 0.060410 0.248215
0 0.371185 0.742221 0.075634 0.262753
0 0.350142 0.573419 0.046979 0.108766
0 0.180840 0.813907 0.143085 0.351438
