0 0.070833333 0.73888889 0.096875 0.17777778
0 0.115625 0.67592593 0.066666667 0.18148148
0 0.19661458 0.56435185 0.055729167 0.089814815
0 0.22786458 0.54444444 0.044270833 0.094444444
0 0.27057292 0.60277778 0.066145833 0.11666667
0 0.3 0.55185185 0.032291667 0.096296296
0 0.30286458 0.73611111 0.11197917 0.19259259
0 0.35 0.56388889 0.039583333 0.077777778
0 0.35104167 0.64351852 0.060416667 0.13703704
0 0.50286458 0.56898148 0.0359375 0.089814815
0 0.52395833 0.66018519 0.067708333 0.18518519
0 0.55260417 0.82962963 0.094791667 0.28518519
0 0.57421875 0.59814815 0.0453125 0.15
0 0.628125 0.59212963 0.067708333 0.18425926
0 0.63697917 0.74351852 0.086458333 0.24444444
0 0.6578125 0.5837963 0.032291667 0.099074074
0 0.8109375 0.83703704 0.12395833 0.32037037
