0 0.941266 0.647806 0.117468 0.161980
0 0.903039 0.578760 0.087265 0.132576
0 0.799502 0.503017 0.066976 0.097106
0 0.785487 0.493828 0.042572 0.083242
0 0.728372 0.539697 0.073943 0.100835
0 0.696141 0.500464 0.040866 0.083934
0 0.692513 0.675179 0.122297 0.186102
0 0.643890 0.584221 0.084374 0.131564
0 0.624643 0.520495 0.034708 0.064855
0 0.490096 0.578270 0.016732 0.082251
0 0.451965 0.571575 0.074637 0.210348
0 0.419335 0.762140 0.108951 0.257337
0 0.391244 0.545308 0.052107 0.099313
0 0.340841 0.660657 0.079669 0.152318
0 0.303451 0.557122 0.049558 0.087783
0 0.264918 0.662697 0.098376 0.220112
0 0.136509 0.789992 0.145834 0.290721
