0 0.918229 0.864815 0.163542 0.268519
0 0.860417 0.748148 0.070833 0.174074
0 0.790104 0.821296 0.117708 0.209259
0 0.787760 0.660648 0.078646 0.171296
0 0.755990 0.619907 0.044271 0.130556
0 0.713021 0.725463 0.084375 0.162037
0 0.659635 0.625463 0.057813 0.128704
0 0.636458 0.602778 0.036458 0.116667
0 0.620313 0.851852 0.129167 0.294444
0 0.578385 0.718518 0.073438 0.150000
0 0.567448 0.656944 0.063021 0.149074
0 0.559635 0.602315 0.049479 0.106481
0 0.530469 0.475000 0.051562 0.340741
0 0.396875 0.640278 0.046875 0.176852
0 0.379948 0.670833 0.047396 0.162037
0 0.371094 0.733796 0.069271 0.237963
0 0.348177 0.754630 0.057812 0.201852
0 0.331510 0.855556 0.142187 0.287037
0 0.307031 0.600000 0.044271 0.114815
0 0.286198 0.648148 0.053646 0.157407
0 0.264063 0.510648 0.061458 0.200926
0 0.262760 0.720833 0.058854 0.217593
0 0.235417 0.811111 0.088542 0.305556
0 0.208594 0.589352 0.053646 0.128704
0 0.157292 0.851389 0.159375 0.295370
0 0.066146 0.736111 0.081250 0.164815
0 0.041146 0.933333 0.081250 0.131482
