0 0.989063 0.704167 0.021875 0.250926
0 0.872917 0.697222 0.079167 0.205556
0 0.835156 0.618056 0.056771 0.136111
0 0.792187 0.557407 0.061458 0.127778
0 0.762500 0.532407 0.038542 0.098148
0 0.741146 0.659259 0.088542 0.164815
0 0.700000 0.605093 0.055208 0.125000
0 0.680729 0.556019 0.055208 0.136111
0 0.664323 0.541667 0.028646 0.100000
0 0.627865 0.698148 0.092188 0.244444
0 0.599740 0.587037 0.064062 0.150000
0 0.592448 0.532870 0.042188 0.113889
0 0.576562 0.414352 0.053125 0.321296
0 0.443750 0.571296 0.050000 0.201852
0 0.381771 0.690741 0.071875 0.233333
0 0.370833 0.525463 0.032292 0.115741
0 0.354688 0.525000 0.045833 0.111111
0 0.335677 0.597222 0.046354 0.194444
0 0.306250 0.600926 0.051042 0.125926
0 0.291406 0.699074 0.095312 0.224074
0 0.262240 0.526389 0.043229 0.126852
0 0.236719 0.542593 0.060938 0.129630
0 0.193229 0.625000 0.076042 0.162963
0 0.141146 0.654167 0.097917 0.189815
0 0.088281 0.833333 0.175521 0.331481
