0 0.03515625 0.74444444 0.0703125 0.19444444
0 0.099739583 0.66111111 0.075520833 0.12962963
0 0.10338542 0.82685185 0.1203125 0.23148148
0 0.13411458 0.6037037 0.053645833 0.12222222
0 0.18854167 0.71759259 0.10208333 0.16666667
0 0.24114583 0.61898148 0.063541667 0.125
0 0.25911458 0.59074074 0.041145833 0.11481481
0 0.28255208 0.84675926 0.1328125 0.30462963
0 0.31796875 0.60648148 0.0328125 0.077777778
0 0.32369792 0.70555556 0.068229167 0.14814815
0 0.33854167 0.58981481 0.040625 0.10925926
0 0.340625 0.64305556 0.078125 0.14907407
0 0.34244792 0.58194444 0.047395833 0.099074074
0 0.39635417 0.45694444 0.058333333 0.34166667
0 0.50494792 0.62314815 0.044270833 0.17962963
0 0.52447917 0.65509259 0.046875 0.1712963
0 0.53463542 0.71296296 0.0671875 0.23518519
0 0.55520833 0.50416667 0.055208333 0.18981481
0 0.5578125 0.74722222 0.060416667 0.22777778
0 0.5765625 0.84583333 0.15 0.30648148
0 0.60338542 0.57685185 0.047395833 0.11296296
0 0.6421875 0.65046296 0.054166667 0.1212963
0 0.66848958 0.72592593 0.0796875 0.18703704
0 0.6859375 0.56759259 0.052083333 0.12777778
0 0.73802083 0.59861111 0.078125 0.16759259
0 0.74348958 0.83796296 0.15364583 0.32222222
0 0.82526042 0.70648148 0.077604167 0.16481481
0 0.88619792 0.84814815 0.16510417 0.30185185
