0 0.938802 0.732407 0.110937 0.188889
0 0.882812 0.676852 0.062500 0.179630
0 0.803385 0.565741 0.056771 0.088889
0 0.803125 0.566204 0.057292 0.089815
0 0.775260 0.546296 0.039062 0.105556
0 0.728906 0.603241 0.067187 0.117593
0 0.698438 0.540741 0.038542 0.085185
0 0.682292 0.684259 0.058333 0.222222
0 0.627604 0.626852 0.058333 0.294444
0 0.570312 0.762963 0.086458 0.472222
0 0.498177 0.613426 0.041146 0.175000
0 0.473958 0.655093 0.069792 0.180556
0 0.442187 0.826389 0.084375 0.297222
0 0.423698 0.575926 0.047396 0.107407
0 0.372396 0.743981 0.066667 0.243518
0 0.366667 0.559722 0.048958 0.149074
0 0.185938 0.837500 0.128125 0.323148
