0 0.06171875 0.89166667 0.077604167 0.15185185
0 0.11588542 0.675 0.066145833 0.18148148
0 0.19713542 0.56527778 0.056770833 0.089814815
0 0.23671875 0.51712963 0.066145833 0.16388889
0 0.26953125 0.60416667 0.068229167 0.1212963
0 0.30520833 0.53657407 0.042708333 0.16203704
0 0.33880208 0.65324074 0.0890625 0.16388889
0 0.4328125 0.62824074 0.060416667 0.31574074
0 0.5 0.61527778 0.038541667 0.18425926
0 0.53203125 0.75833333 0.0734375 0.45555556
0 0.57682292 0.57037037 0.047395833 0.096296296
0 0.62369792 0.71018519 0.069270833 0.18888889
0 0.65260417 0.86990741 0.14791667 0.25833333
0 0.81432292 0.83703704 0.12760417 0.32407407
