0 0.059895833 0.86944444 0.11979167 0.25925926
0 0.10104167 0.75509259 0.065625 0.17685185
0 0.16901042 0.83009259 0.12135417 0.21388889
0 0.19557292 0.62453704 0.058854167 0.13425926
0 0.24661458 0.7287037 0.088020833 0.16111111
0 0.28932292 0.61990741 0.072395833 0.20833333
0 0.32083333 0.62268519 0.03125 0.13981481
0 0.325 0.6087963 0.03125 0.11018519
0 0.33723958 0.53981481 0.0390625 0.25
0 0.3421875 0.85138889 0.13020833 0.29537037
0 0.3828125 0.71990741 0.075 0.14907407
0 0.39479167 0.6587963 0.061458333 0.15092593
0 0.40286458 0.61851852 0.0265625 0.074074074
0 0.41171875 0.60046296 0.0453125 0.11203704
0 0.425 0.47777778 0.052083333 0.33888889
0 0.56302083 0.65046296 0.044791667 0.20092593
0 0.57916667 0.69351852 0.053125 0.20555556
0 0.58203125 0.67083333 0.0484375 0.16203704
0 0.58880208 0.73287037 0.0640625 0.23425926
0 0.61510417 0.75138889 0.059375 0.19907407
0 0.63203125 0.85092593 0.1390625 0.2962963
0 0.65494792 0.5962963 0.043229167 0.11296296
0 0.67135417 0.62962963 0.058333333 0.14259259
0 0.70026042 0.70925926 0.052604167 0.2037037
0 0.728125 0.80833333 0.082291667 0.3037037
0 0.74921875 0.58611111 0.052604167 0.12962963
0 0.80208333 0.84907407 0.15729167 0.3
0 0.88333333 0.71990741 0.071875 0.1787037
0 0.93619792 0.86157407 0.1265625 0.275
