0 0.030989583 0.75185185 0.061979167 0.18333333
0 0.09921875 0.66203704 0.080729167 0.12592593
0 0.10807292 0.82592593 0.1296875 0.22777778
0 0.13802083 0.61111111 0.051041667 0.13518519
0 0.18984375 0.71759259 0.1015625 0.16296296
0 0.24036458 0.61851852 0.065104167 0.12222222
0 0.26119792 0.59305556 0.041145833 0.11203704
0 0.28307292 0.84722222 0.1328125 0.3037037
0 0.32604167 0.70462963 0.073958333 0.15
0 0.340625 0.64212963 0.060416667 0.15092593
0 0.35546875 0.61157407 0.022395833 0.062037037
0 0.40885417 0.45277778 0.060416667 0.33518519
0 0.49661458 0.63240741 0.0734375 0.37592593
0 0.52317708 0.65555556 0.047395833 0.17222222
0 0.53463542 0.71111111 0.0671875 0.23518519
0 0.55963542 0.73333333 0.061979167 0.20185185
0 0.57213542 0.84305556 0.14114583 0.31203704
0 0.60286458 0.57824074 0.0546875 0.11944444
0 0.63880208 0.69537037 0.055729167 0.21111111
0 0.66744792 0.74722222 0.0828125 0.23333333
0 0.6875 0.56388889 0.053125 0.13148148
0 0.73854167 0.59675926 0.077083333 0.16759259
0 0.74661458 0.83842593 0.15677083 0.3212963
0 0.82682292 0.70277778 0.065104167 0.13888889
0 0.82708333 0.70231481 0.065625 0.13981481
0 0.87916667 0.8337963 0.1375 0.33055556
