0 0.114156 0.652435 0.107301 0.236123
0 0.162290 0.577145 0.067396 0.144780
0 0.207397 0.513948 0.060139 0.138498
0 0.237826 0.485245 0.044834 0.110222
0 0.256008 0.627542 0.089517 0.183230
0 0.294862 0.570861 0.065109 0.130944
0 0.295100 0.571856 0.065620 0.130973
0 0.308741 0.509343 0.074148 0.122640
0 0.333251 0.482761 0.047308 0.163234
0 0.366110 0.676898 0.096091 0.265845
0 0.397324 0.560923 0.066688 0.162365
0 0.403870 0.336626 0.075863 0.276457
0 0.407309 0.445227 0.066753 0.194679
0 0.549142 0.550816 0.053835 0.214514
0 0.554888 0.428996 0.039244 0.140261
0 0.618414 0.820103 0.147462 0.359794
0 0.641956 0.436342 0.035186 0.170385
0 0.649499 0.544194 0.068796 0.194794
0 0.689889 0.458658 0.052743 0.210537
0 0.691747 0.641732 0.085773 0.230996
0 0.791190 0.686565 0.110635 0.308764
