0 0.069270833 0.85185185 0.13854167 0.29444444
0 0.11536458 0.72083333 0.055729167 0.16759259
0 0.18151042 0.81018519 0.1203125 0.22962963
0 0.20755208 0.60462963 0.0609375 0.12777778
0 0.2578125 0.70740741 0.088541667 0.16111111
0 0.29322917 0.64768519 0.058333333 0.1212963
0 0.31588542 0.59722222 0.061979167 0.13518519
0 0.3328125 0.46481481 0.080208333 0.33148148
0 0.3484375 0.83703704 0.121875 0.32037037
0 0.39010417 0.69259259 0.065625 0.14814815
0 0.39557292 0.59537037 0.047395833 0.092592593
0 0.41822917 0.57916667 0.042708333 0.11203704
0 0.434375 0.54814815 0.044791667 0.17592593
0 0.509375 0.60740741 0.061458333 0.33703704
0 0.55755208 0.55833333 0.036979167 0.085185185
0 0.5734375 0.73564815 0.0875 0.30648148
0 0.61067708 0.70324074 0.0546875 0.16944444
0 0.61979167 0.83518519 0.1375 0.32777778
0 0.63489583 0.56203704 0.05625 0.10555556
0 0.66901042 0.61203704 0.050520833 0.14259259
0 0.69010417 0.68425926 0.057291667 0.1962963
0 0.71640625 0.77222222 0.0796875 0.28148148
0 0.73619792 0.56990741 0.041145833 0.125
0 0.76119792 0.58611111 0.059895833 0.12962963
0 0.78854167 0.83194444 0.15104167 0.33425926
0 0.82838542 0.65185185 0.058854167 0.12962963
0 0.92604167 0.84675926 0.146875 0.30462963
