0 0.972950 0.769792 0.054101 0.211321
0 0.914415 0.686426 0.080683 0.147345
0 0.916922 0.869184 0.132590 0.261631
0 0.877589 0.627219 0.060751 0.139531
0 0.822970 0.754071 0.112946 0.185726
0 0.764956 0.654252 0.070689 0.142418
0 0.744375 0.625857 0.046283 0.131168
0 0.728358 0.867306 0.148529 0.265388
0 0.680272 0.758122 0.076927 0.170428
0 0.659621 0.453187 0.058233 0.309255
0 0.662512 0.630828 0.047270 0.127182
0 0.660301 0.691336 0.085711 0.171181
0 0.650212 0.623703 0.055557 0.109575
0 0.486154 0.682236 0.052473 0.197843
0 0.467905 0.719582 0.052196 0.187643
0 0.460150 0.788744 0.076920 0.271170
0 0.435574 0.826121 0.070410 0.253313
0 0.419317 0.881125 0.169420 0.237751
0 0.408301 0.561115 0.075703 0.226291
0 0.384421 0.644438 0.059349 0.128217
0 0.343464 0.727180 0.061300 0.139578
0 0.317484 0.814261 0.089041 0.213188
0 0.293785 0.640449 0.059270 0.145510
0 0.239821 0.679833 0.086841 0.192647
0 0.242291 0.879960 0.173184 0.240080
0 0.151861 0.804942 0.086620 0.184487
0 0.092460 0.898388 0.184050 0.203225
