0 0.929167 0.738889 0.096875 0.177778
0 0.884375 0.675926 0.066667 0.181481
0 0.803385 0.564352 0.055729 0.089815
0 0.772135 0.544444 0.044271 0.094444
0 0.729427 0.602778 0.066146 0.116667
0 0.700000 0.551852 0.032292 0.096296
0 0.697135 0.736111 0.111979 0.192593
0 0.650000 0.563889 0.039583 0.077778
0 0.648958 0.643519 0.060417 0.137037
0 0.497135 0.568981 0.035938 0.089815
0 0.476042 0.660185 0.067708 0.185185
0 0.447396 0.829630 0.094792 0.285185
0 0.425781 0.598148 0.045313 0.150000
0 0.371875 0.592130 0.067708 0.184259
0 0.363021 0.743519 0.086458 0.244444
0 0.342188 0.583796 0.032292 0.099074
0 0.189062 0.837037 0.123958 0.320370
