0 0.060984 0.774515 0.121967 0.178096
0 0.116848 0.718712 0.072474 0.163068
0 0.196127 0.611874 0.063024 0.084478
0 0.196419 0.612233 0.063606 0.085348
0 0.224952 0.591094 0.045042 0.096166
0 0.275821 0.633098 0.075056 0.110599
0 0.305483 0.575083 0.043725 0.078635
0 0.327874 0.695691 0.069704 0.198953
0 0.383181 0.638492 0.072432 0.260836
0 0.448537 0.746727 0.108708 0.417283
0 0.518701 0.608032 0.049856 0.155974
0 0.545729 0.640187 0.080172 0.164929
0 0.585592 0.782308 0.099907 0.267030
0 0.595562 0.564993 0.053871 0.098973
0 0.655829 0.701476 0.079267 0.218421
0 0.654889 0.542756 0.057087 0.134903
0 0.855329 0.754298 0.146867 0.295652
