0 0.059146 0.805484 0.118292 0.276540
0 0.097924 0.740838 0.082048 0.233427
0 0.166975 0.579553 0.063370 0.146478
0 0.194165 0.548863 0.042839 0.111980
0 0.221961 0.686434 0.093876 0.191228
0 0.259412 0.621238 0.061647 0.141282
0 0.274453 0.560981 0.062317 0.145346
0 0.287903 0.542138 0.031347 0.101529
0 0.329953 0.711011 0.092676 0.271601
0 0.347012 0.545969 0.037123 0.095325
0 0.354905 0.497199 0.029353 0.065478
0 0.401060 0.711512 0.122287 0.576975
0 0.402793 0.334157 0.064512 0.247042
0 0.414644 0.503963 0.070050 0.222911
0 0.469043 0.553636 0.094039 0.413951
0 0.506974 0.493904 0.048822 0.110773
0 0.507227 0.493871 0.049327 0.110839
0 0.574059 0.641415 0.081322 0.191575
0 0.582160 0.487091 0.042912 0.125908
0 0.615584 0.564128 0.057165 0.215261
0 0.639046 0.615332 0.062881 0.231916
0 0.663147 0.657408 0.088835 0.227354
0 0.679627 0.478371 0.044925 0.138102
0 0.703908 0.451077 0.028723 0.062413
0 0.766418 0.604713 0.164936 0.523633
0 0.877791 0.778595 0.162635 0.395080
