0 0.961863 0.698240 0.076275 0.180414
0 0.926521 0.638397 0.082271 0.186836
0 0.831801 0.534214 0.064190 0.104253
0 0.811831 0.521237 0.037097 0.103628
0 0.760733 0.580436 0.071183 0.121445
0 0.733147 0.529782 0.038977 0.093682
0 0.732922 0.729975 0.114834 0.208194
0 0.679622 0.627572 0.064762 0.142935
0 0.671937 0.549681 0.038142 0.083489
0 0.523544 0.604325 0.046370 0.162416
0 0.498467 0.659770 0.079662 0.190278
0 0.470709 0.830107 0.109595 0.289576
0 0.444011 0.583360 0.053544 0.110643
0 0.399098 0.753409 0.079759 0.250071
0 0.360110 0.599776 0.047823 0.100005
0 0.315625 0.718472 0.095504 0.251503
0 0.205811 0.849894 0.140571 0.300212
