0 0.959326 0.716696 0.081348 0.241359
0 0.931896 0.663105 0.082546 0.209319
0 0.864457 0.577624 0.099228 0.139942
0 0.837324 0.507695 0.052026 0.108901
0 0.810156 0.495920 0.044257 0.100445
0 0.785594 0.621090 0.100435 0.161518
0 0.739038 0.569884 0.070550 0.123005
0 0.716076 0.515908 0.061592 0.125802
0 0.653880 0.652263 0.105853 0.231874
0 0.626788 0.513394 0.050223 0.089200
0 0.615158 0.485234 0.049630 0.096703
0 0.566434 0.565806 0.087433 0.391291
0 0.553141 0.322381 0.066437 0.236489
0 0.442237 0.511170 0.058626 0.158625
0 0.368688 0.657352 0.086143 0.231837
0 0.357455 0.464581 0.068187 0.167084
0 0.313800 0.557825 0.063426 0.196152
0 0.287486 0.615459 0.071800 0.215865
0 0.263557 0.680602 0.098107 0.263750
0 0.237694 0.484052 0.044866 0.120143
0 0.205431 0.502750 0.067569 0.133317
0 0.150133 0.587999 0.101633 0.167147
0 0.113675 0.631076 0.156620 0.232908
0 0.052662 0.790351 0.105323 0.351118
