0 0.069531 0.751389 0.139062 0.236111
0 0.128646 0.695370 0.069792 0.205556
0 0.171354 0.607870 0.080208 0.147222
0 0.204427 0.556481 0.055729 0.125926
0 0.233073 0.531019 0.038021 0.095370
0 0.255729 0.659259 0.089583 0.166667
0 0.291927 0.603241 0.063021 0.121296
0 0.292969 0.604167 0.064062 0.123148
0 0.311719 0.552315 0.060938 0.128704
0 0.322396 0.524074 0.028125 0.064815
0 0.369792 0.689352 0.092708 0.230556
0 0.384115 0.538426 0.096354 0.206481
0 0.459375 0.411111 0.067708 0.331481
0 0.553906 0.553704 0.049479 0.166667
0 0.618490 0.662500 0.076563 0.167593
0 0.623438 0.500926 0.023958 0.072222
0 0.634375 0.523611 0.062500 0.132407
0 0.666927 0.590741 0.050521 0.200000
0 0.688281 0.648148 0.060938 0.209259
0 0.709896 0.685648 0.084375 0.202778
0 0.732552 0.523148 0.040104 0.124074
0 0.760156 0.540278 0.059896 0.130556
0 0.807292 0.623148 0.085417 0.162963
0 0.858073 0.650000 0.101562 0.196296
0 0.923698 0.825463 0.151562 0.347222
