0 0.035156 0.740741 0.070312 0.188889
0 0.100000 0.658796 0.073958 0.126852
0 0.102865 0.826852 0.120312 0.231481
0 0.133594 0.603241 0.054688 0.123148
0 0.188802 0.718056 0.101562 0.169444
0 0.241146 0.618519 0.062500 0.125926
0 0.259896 0.590741 0.039583 0.116667
0 0.282031 0.844907 0.132812 0.304630
0 0.318229 0.608333 0.033333 0.081481
0 0.323698 0.705093 0.068229 0.149074
0 0.340365 0.643519 0.077604 0.148148
0 0.343229 0.574537 0.050000 0.084259
0 0.374219 0.456019 0.059896 0.337963
0 0.504687 0.621759 0.044792 0.180556
0 0.524219 0.652315 0.045313 0.165741
0 0.534115 0.711574 0.067188 0.234259
0 0.557813 0.747685 0.060417 0.225000
0 0.559375 0.506944 0.063542 0.199074
0 0.575521 0.846759 0.151042 0.304630
0 0.602865 0.578704 0.048437 0.111111
0 0.640885 0.650926 0.052604 0.122222
0 0.668229 0.727315 0.080208 0.187963
0 0.686198 0.568056 0.051563 0.126852
0 0.738281 0.599537 0.077604 0.167593
0 0.743229 0.838426 0.153125 0.321296
0 0.824740 0.706019 0.077604 0.162037
0 0.885417 0.849074 0.165625 0.300000
