0 0.033072917 0.75092593 0.066145833 0.18518519
0 0.096875 0.66481481 0.08125 0.12592593
0 0.10911458 0.82916667 0.1265625 0.23055556
0 0.1359375 0.61111111 0.055208333 0.13518519
0 0.18463542 0.71990741 0.091145833 0.16759259
0 0.24036458 0.61898148 0.0640625 0.12314815
0 0.26041667 0.59259259 0.040625 0.11296296
0 0.28307292 0.84722222 0.1328125 0.3037037
0 0.32682292 0.70740741 0.072395833 0.15
0 0.3359375 0.64212963 0.064583333 0.15092593
0 0.34401042 0.58888889 0.044270833 0.1037037
0 0.39921875 0.45324074 0.0609375 0.33611111
0 0.50755208 0.62175926 0.0484375 0.18055556
0 0.52447917 0.65324074 0.045833333 0.16759259
0 0.53333333 0.7125 0.065625 0.23611111
0 0.54505208 0.76990741 0.0328125 0.1212963
0 0.57395833 0.84259259 0.13333333 0.31296296
0 0.59635417 0.57453704 0.044791667 0.11203704
0 0.61901042 0.62361111 0.0578125 0.175
0 0.64036458 0.69351852 0.058854167 0.21296296
0 0.66744792 0.74861111 0.080729167 0.23240741
0 0.68932292 0.56481481 0.050520833 0.12962963
0 0.73776042 0.59814815 0.077604167 0.16851852
0 0.74166667 0.83657407 0.15208333 0.325
0 0.82604167 0.70462963 0.073958333 0.16296296
0 0.88776042 0.84722222 0.16302083 0.3037037
