0 0.059896 0.869444 0.119792 0.259259
0 0.101042 0.755093 0.065625 0.176852
0 0.169010 0.830093 0.121354 0.213889
0 0.195573 0.624537 0.058854 0.134259
0 0.246615 0.728704 0.088021 0.161111
0 0.289323 0.619907 0.072396 0.208333
0 0.320833 0.622685 0.031250 0.139815
0 0.325000 0.608796 0.031250 0.110185
0 0.337240 0.539815 0.039062 0.250000
0 0.342187 0.851389 0.130208 0.295370
0 0.382812 0.719907 0.075000 0.149074
0 0.394792 0.658796 0.061458 0.150926
0 0.402865 0.618519 0.026563 0.074074
0 0.411719 0.600463 0.045313 0.112037
0 0.425000 0.477778 0.052083 0.338889
0 0.563021 0.650463 0.044792 0.200926
0 0.579167 0.693519 0.053125 0.205556
0 0.582031 0.670833 0.048437 0.162037
0 0.588802 0.732870 0.064062 0.234259
0 0.615104 0.751389 0.059375 0.199074
0 0.632031 0.850926 0.139063 0.296296
0 0.654948 0.596296 0.043229 0.112963
0 0.671354 0.629630 0.058333 0.142593
0 0.700260 0.709259 0.052604 0.203704
0 0.728125 0.808333 0.082292 0.303704
0 0.749219 0.586111 0.052604 0.129630
0 0.802083 0.849074 0.157292 0.300000
0 0.883333 0.719907 0.071875 0.178704
0 0.936198 0.861574 0.126562 0.275000
