0 0.030990 0.751852 0.061979 0.183333
0 0.099219 0.662037 0.080729 0.125926
0 0.108073 0.825926 0.129688 0.227778
0 0.138021 0.611111 0.051042 0.135185
0 0.189844 0.717593 0.101562 0.162963
0 0.240365 0.618519 0.065104 0.122222
0 0.261198 0.593056 0.041146 0.112037
0 0.283073 0.847222 0.132812 0.303704
0 0.326042 0.704630 0.073958 0.150000
0 0.340625 0.642130 0.060417 0.150926
0 0.355469 0.611574 0.022396 0.062037
0 0.408854 0.452778 0.060417 0.335185
0 0.496615 0.632407 0.073437 0.375926
0 0.523177 0.655556 0.047396 0.172222
0 0.534635 0.711111 0.067188 0.235185
0 0.559635 0.733333 0.061979 0.201852
0 0.572135 0.843056 0.141146 0.312037
0 0.602865 0.578241 0.054688 0.119444
0 0.638802 0.695370 0.055729 0.211111
0 0.667448 0.747222 0.082813 0.233333
0 0.687500 0.563889 0.053125 0.131481
0 0.738542 0.596759 0.077083 0.167593
0 0.746615 0.838426 0.156771 0.321296
0 0.826823 0.702778 0.065104 0.138889
0 0.827083 0.702315 0.065625 0.139815
0 0.879167 0.833796 0.137500 0.330556
