0 0.071354167 0.7412037 0.09375 0.17314815
0 0.11666667 0.67546296 0.072916667 0.18055556
0 0.203125 0.56388889 0.058333333 0.10185185
0 0.22083333 0.54907407 0.036458333 0.1
0 0.27005208 0.60185185 0.065104167 0.11481481
0 0.29583333 0.55138889 0.040625 0.093518519
0 0.30677083 0.76805556 0.10416667 0.23611111
0 0.35 0.64537037 0.063541667 0.13888889
0 0.36276042 0.56805556 0.028645833 0.073148148
0 0.5015625 0.60694444 0.039583333 0.16203704
0 0.52630208 0.65925926 0.071354167 0.18518519
0 0.55729167 0.82777778 0.096875 0.28518519
0 0.57604167 0.57824074 0.046875 0.10833333
0 0.62395833 0.70601852 0.070833333 0.16759259
0 0.65833333 0.58518519 0.04375 0.096296296
0 0.703125 0.70185185 0.085416667 0.24444444
0 0.80963542 0.83657407 0.12135417 0.3212963
