0 0.972952 0.671685 0.054095 0.168493
0 0.912968 0.599914 0.087387 0.127454
0 0.907290 0.749647 0.139368 0.221387
0 0.870301 0.551475 0.054420 0.128416
0 0.819859 0.655939 0.108749 0.161640
0 0.765109 0.567099 0.069888 0.119284
0 0.744483 0.544117 0.046909 0.108130
0 0.725982 0.782589 0.144728 0.287817
0 0.684432 0.655325 0.089440 0.145616
0 0.663997 0.514432 0.025838 0.040523
0 0.661085 0.597694 0.065060 0.143790
0 0.598400 0.425973 0.074549 0.316004
0 0.475361 0.627524 0.046241 0.148383
0 0.459554 0.521568 0.081166 0.184442
0 0.461603 0.676747 0.075622 0.224330
0 0.450986 0.732618 0.038505 0.118648
0 0.425214 0.801672 0.154765 0.300574
0 0.386906 0.559280 0.058470 0.116714
0 0.352600 0.668990 0.062652 0.201921
0 0.323962 0.720187 0.090148 0.221130
0 0.296364 0.551862 0.054942 0.127597
0 0.246431 0.586151 0.084450 0.163250
0 0.243638 0.811829 0.171181 0.308663
0 0.150389 0.690158 0.067268 0.145671
0 0.097230 0.828818 0.175772 0.297002
