0 0.068750 0.752778 0.137500 0.235185
0 0.123177 0.695833 0.078646 0.202778
0 0.173438 0.618519 0.068750 0.140741
0 0.211458 0.556481 0.046875 0.127778
0 0.234375 0.532870 0.038542 0.099074
0 0.256250 0.652778 0.088542 0.151852
0 0.295312 0.600000 0.059375 0.124074
0 0.295573 0.600000 0.058854 0.124074
0 0.318229 0.552778 0.051042 0.122222
0 0.334896 0.556019 0.023958 0.054630
0 0.370833 0.691667 0.094792 0.224074
0 0.396615 0.576852 0.077604 0.125926
0 0.400781 0.517593 0.049479 0.085185
0 0.464323 0.411574 0.057813 0.330556
0 0.554688 0.571759 0.052083 0.202778
0 0.619531 0.691667 0.077604 0.231481
0 0.627604 0.522685 0.034375 0.112037
0 0.644010 0.524074 0.046354 0.116667
0 0.664844 0.591204 0.058854 0.184259
0 0.689583 0.650000 0.060417 0.214815
0 0.710938 0.701852 0.085417 0.233333
0 0.735417 0.523611 0.041667 0.123148
0 0.761458 0.540741 0.060417 0.129630
0 0.807292 0.680556 0.086458 0.277778
0 0.858594 0.650926 0.101562 0.196296
0 0.924219 0.825000 0.150521 0.348148
