0 0.050829 0.714678 0.101657 0.200296
0 0.085427 0.642084 0.083310 0.203019
0 0.172295 0.521720 0.057262 0.117846
0 0.172538 0.522251 0.057748 0.116836
0 0.185846 0.509471 0.036473 0.107447
0 0.232423 0.571504 0.059549 0.134521
0 0.263047 0.501583 0.033025 0.081399
0 0.266154 0.801300 0.108738 0.341967
0 0.291268 0.622775 0.086652 0.161805
0 0.320642 0.552271 0.041489 0.106675
0 0.399115 0.775473 0.084253 0.449054
0 0.446646 0.547968 0.050209 0.147485
0 0.465922 0.600801 0.059254 0.207971
0 0.504366 0.834989 0.094423 0.327768
0 0.529420 0.583905 0.048155 0.175315
0 0.574423 0.741215 0.072258 0.264526
0 0.593946 0.550479 0.089805 0.261304
0 0.641283 0.703765 0.087007 0.274609
0 0.753058 0.838518 0.127719 0.322965
