0 0.058987 0.711035 0.117975 0.290367
0 0.095094 0.657530 0.077246 0.231755
0 0.188499 0.617888 0.138174 0.424839
0 0.211338 0.498588 0.039890 0.119177
0 0.230096 0.483777 0.044921 0.115549
0 0.259924 0.634034 0.078746 0.194077
0 0.289584 0.573826 0.068343 0.144520
0 0.306323 0.519027 0.091382 0.162934
0 0.328978 0.508374 0.044306 0.114427
0 0.339868 0.801726 0.150653 0.396548
0 0.391292 0.640093 0.076060 0.167485
0 0.403859 0.524916 0.056287 0.112647
0 0.423327 0.506476 0.049527 0.131848
0 0.500157 0.389659 0.085297 0.406156
0 0.580752 0.551571 0.060851 0.190973
0 0.601365 0.716673 0.099970 0.352117
0 0.619586 0.724594 0.033593 0.103735
0 0.652538 0.517930 0.068498 0.117202
0 0.648703 0.816235 0.170429 0.367530
0 0.698184 0.614872 0.068683 0.217105
0 0.724876 0.668292 0.070986 0.233139
0 0.752894 0.740948 0.095214 0.268512
0 0.781871 0.540189 0.051369 0.150984
0 0.810539 0.563091 0.069916 0.156266
0 0.860279 0.730474 0.115831 0.330806
0 0.945042 0.850806 0.109916 0.298388
