0 0.034276 0.798023 0.068552 0.166848
0 0.096433 0.716702 0.096945 0.125785
0 0.116126 0.861180 0.153440 0.229183
0 0.139140 0.659358 0.063771 0.121014
0 0.198358 0.748628 0.110865 0.160097
0 0.258094 0.652741 0.077874 0.120557
0 0.278912 0.625405 0.051429 0.108469
0 0.315710 0.850940 0.162917 0.295166
0 0.359483 0.718739 0.088264 0.141934
0 0.372876 0.606855 0.057126 0.104317
0 0.382242 0.688186 0.047063 0.077188
0 0.430464 0.476863 0.084901 0.313769
0 0.560608 0.611330 0.060640 0.168614
0 0.582040 0.636786 0.059076 0.160104
0 0.594798 0.687832 0.084912 0.223469
0 0.608873 0.741626 0.039368 0.115018
0 0.643766 0.800819 0.172661 0.302366
0 0.666941 0.543575 0.089643 0.249832
0 0.710214 0.629683 0.056729 0.147340
0 0.749709 0.698287 0.100162 0.222349
0 0.765614 0.530223 0.062259 0.126595
0 0.822627 0.551401 0.095767 0.164553
0 0.835954 0.765623 0.181637 0.318570
0 0.925348 0.633574 0.094088 0.153542
0 0.952385 0.751185 0.095230 0.301775
