0 0.938542 0.732870 0.111458 0.187963
0 0.882292 0.675926 0.063542 0.181481
0 0.802865 0.565278 0.056771 0.091667
0 0.779167 0.544444 0.042708 0.100000
0 0.739844 0.598611 0.040104 0.108333
0 0.705729 0.539352 0.030208 0.076852
0 0.685156 0.643519 0.091146 0.327778
0 0.634896 0.566667 0.031250 0.077778
0 0.631510 0.680556 0.019271 0.068519
0 0.533594 0.718518 0.072396 0.437037
0 0.486458 0.566204 0.035417 0.080556
0 0.467448 0.658796 0.064062 0.184259
0 0.441146 0.795833 0.083333 0.221296
0 0.425000 0.576852 0.047917 0.107407
0 0.424740 0.575000 0.047396 0.103704
0 0.372135 0.743519 0.067188 0.244444
0 0.347396 0.582407 0.041667 0.101852
0 0.178125 0.830093 0.145833 0.315741
