0 0.0328125 0.75046296 0.065625 0.18425926
0 0.099479167 0.66296296 0.08125 0.12407407
0 0.099739583 0.6625 0.081770833 0.12685185
0 0.10833333 0.82638889 0.12916667 0.2287037
0 0.1390625 0.61203704 0.053125 0.13518519
0 0.19010417 0.71805556 0.10104167 0.16018519
0 0.19010417 0.71990741 0.10208333 0.16388889
0 0.240625 0.61944444 0.064583333 0.12222222
0 0.25989583 0.59259259 0.042708333 0.11111111
0 0.28307292 0.84722222 0.1328125 0.3037037
0 0.32161458 0.70648148 0.0796875 0.15
0 0.32213542 0.70648148 0.080729167 0.15
0 0.33541667 0.55185185 0.022916667 0.037037037
0 0.3359375 0.6412037 0.063541667 0.15277778
0 0.3453125 0.5875 0.042708333 0.10648148
0 0.39791667 0.45324074 0.063541667 0.33611111
0 0.50546875 0.63796296 0.0453125 0.21481481
0 0.50598958 0.6 0.044270833 0.13888889
0 0.52057292 0.66481481 0.0484375 0.19259259
0 0.52239583 0.6537037 0.044791667 0.16851852
0 0.53411458 0.71481481 0.066145833 0.24074074
0 0.53958333 0.66990741 0.05625 0.15277778
0 0.55885417 0.73287037 0.061458333 0.19907407
0 0.57213542 0.84259259 0.14114583 0.31296296
0 0.59036458 0.57592593 0.078645833 0.24259259
0 0.6390625 0.69398148 0.059375 0.21203704
0 0.66901042 0.74768519 0.0796875 0.23425926
0 0.68880208 0.56435185 0.050520833 0.13055556
0 0.73802083 0.59722222 0.078125 0.16851852
0 0.74609375 0.83518519 0.1546875 0.32777778
0 0.82265625 0.70277778 0.081770833 0.1537037
0 0.8875 0.84583333 0.1625 0.30648148
