0 0.836812 0.587664 0.079052 0.186271
0 0.795206 0.524112 0.052027 0.123555
0 0.755284 0.476454 0.061507 0.118505
0 0.727497 0.458958 0.039837 0.089196
0 0.712381 0.572758 0.089353 0.155844
0 0.671868 0.528409 0.058925 0.114958
0 0.653254 0.485037 0.058019 0.116425
0 0.643074 0.460248 0.018755 0.051207
0 0.607185 0.620895 0.097658 0.223118
0 0.594970 0.377441 0.072669 0.294511
0 0.574349 0.527895 0.062391 0.138542
0 0.565898 0.481091 0.040439 0.102821
0 0.426857 0.496851 0.051843 0.108395
0 0.376988 0.663480 0.078846 0.247578
0 0.357099 0.502144 0.034368 0.097196
0 0.343257 0.505687 0.048596 0.100773
0 0.327324 0.567585 0.055755 0.175056
0 0.307734 0.607817 0.061018 0.173400
0 0.289986 0.667549 0.090188 0.207738
0 0.258788 0.517063 0.043339 0.113581
0 0.234701 0.533325 0.061401 0.116100
0 0.196652 0.611614 0.077913 0.149469
0 0.150468 0.644667 0.099548 0.177977
0 0.096227 0.790132 0.155813 0.276633
