0 0.940095 0.684484 0.119809 0.282441
0 0.893462 0.629661 0.079469 0.243325
0 0.805094 0.477448 0.084598 0.300084
0 0.768001 0.605597 0.092254 0.194913
0 0.724225 0.554096 0.062060 0.153925
0 0.704912 0.491850 0.057241 0.146079
0 0.658046 0.664160 0.100920 0.292644
0 0.629290 0.498119 0.047215 0.106424
0 0.617282 0.468584 0.044961 0.113438
0 0.561459 0.297857 0.063730 0.279952
0 0.550112 0.592927 0.115570 0.510669
0 0.478259 0.516402 0.044067 0.184047
0 0.437223 0.436253 0.063264 0.240380
0 0.416549 0.685212 0.083394 0.267705
0 0.393485 0.488079 0.047759 0.121046
0 0.364981 0.574306 0.061710 0.212120
0 0.346756 0.643588 0.070259 0.252642
0 0.329812 0.720063 0.094352 0.305391
0 0.298025 0.506647 0.043990 0.141401
0 0.272746 0.529551 0.063070 0.154044
0 0.250499 0.729389 0.063886 0.243573
0 0.203963 0.658280 0.127423 0.234405
0 0.127797 0.832695 0.158433 0.334609
