0 0.920813 0.719656 0.101531 0.178768
0 0.884611 0.657032 0.076885 0.179790
0 0.809719 0.558891 0.052314 0.102198
0 0.793326 0.548331 0.034541 0.094003
0 0.751051 0.601920 0.055408 0.114272
0 0.721950 0.549014 0.028624 0.078017
0 0.724956 0.815795 0.102243 0.294515
0 0.701675 0.652617 0.089999 0.155866
0 0.671506 0.581168 0.036578 0.074336
0 0.577709 0.688865 0.063524 0.331107
0 0.551671 0.558284 0.019796 0.068956
0 0.535182 0.599150 0.039345 0.103545
0 0.512186 0.845005 0.089121 0.277771
0 0.485799 0.608896 0.044271 0.116715
0 0.449548 0.768781 0.070621 0.234255
0 0.436576 0.589503 0.065391 0.198461
0 0.408585 0.610649 0.027632 0.075202
0 0.388704 0.739691 0.079418 0.242410
0 0.290335 0.858586 0.118069 0.282828
