0 0.930469 0.750000 0.139062 0.238889
0 0.874219 0.696296 0.075521 0.209259
0 0.796354 0.556481 0.059375 0.127778
0 0.767448 0.531019 0.039062 0.095370
0 0.746615 0.661111 0.084896 0.168519
0 0.715104 0.598611 0.036458 0.110185
0 0.714844 0.599074 0.035937 0.111111
0 0.702344 0.523611 0.029688 0.071296
0 0.678125 0.519444 0.019792 0.059259
0 0.653646 0.643981 0.122917 0.367593
0 0.604427 0.549074 0.039062 0.088889
0 0.594271 0.522685 0.040625 0.097222
0 0.529427 0.615278 0.069271 0.428704
0 0.526563 0.358796 0.060417 0.225000
0 0.457031 0.633796 0.073437 0.430556
0 0.381510 0.522222 0.071354 0.116667
0 0.381510 0.692593 0.075521 0.229630
0 0.335417 0.596296 0.051042 0.192593
0 0.313281 0.644444 0.056771 0.207407
0 0.300521 0.687500 0.062500 0.200926
0 0.267448 0.523611 0.039062 0.121296
0 0.241667 0.499537 0.023958 0.049074
0 0.217708 0.702315 0.119792 0.530556
0 0.164583 0.601852 0.043750 0.120370
0 0.164583 0.602778 0.043750 0.118518
0 0.076563 0.824537 0.152083 0.349074
