0 0.070833333 0.74166667 0.09375 0.17407407
0 0.11510417 0.67638889 0.077083333 0.18055556
0 0.20911458 0.56157407 0.063020833 0.11388889
0 0.27213542 0.60324074 0.0640625 0.11203704
0 0.3 0.55277778 0.036458333 0.092592593
0 0.31536458 0.73101852 0.0890625 0.16388889
0 0.34322917 0.64537037 0.075 0.15740741
0 0.36614583 0.56805556 0.029166667 0.073148148
0 0.50052083 0.60462963 0.038541667 0.16111111
0 0.52682292 0.65972222 0.071354167 0.18611111
0 0.55572917 0.82685185 0.094791667 0.28148148
0 0.57578125 0.57916667 0.046354167 0.11018519
0 0.62734375 0.74166667 0.0640625 0.24074074
0 0.65677083 0.58611111 0.042708333 0.096296296
0 0.69635417 0.69305556 0.086458333 0.2212963
0 0.8125 0.83796296 0.12604167 0.32037037
