0 0.1375 0.65416667 0.10104167 0.13055556
0 0.2296875 0.67685185 0.071875 0.16666667
0 0.26328125 0.63888889 0.0484375 0.14259259
0 0.26380208 0.64027778 0.049479167 0.14537037
0 0.28619792 0.57916667 0.049479167 0.14166667
0 0.3234375 0.78425926 0.11770833 0.18333333
0 0.34375 0.62453704 0.10104167 0.14722222
0 0.38046875 0.58055556 0.065104167 0.13148148
0 0.55416667 0.68703704 0.098958333 0.33333333
0 0.5734375 0.76157407 0.076041667 0.275
0 0.67864583 0.69722222 0.10104167 0.22407407
0 0.76276042 0.83981481 0.1296875 0.31851852
0 0.77890625 0.65925926 0.10052083 0.25
