0 0.12760417 0.69814815 0.076041667 0.2037037
0 0.16875 0.61851852 0.05 0.13518519
0 0.20885417 0.55740741 0.060416667 0.12777778
0 0.2375 0.53287037 0.038541667 0.097222222
0 0.25885417 0.66111111 0.088541667 0.16666667
0 0.29973958 0.6037037 0.0578125 0.12407407
0 0.31744792 0.55092593 0.056770833 0.12592593
0 0.32708333 0.52083333 0.017708333 0.056481481
0 0.37265625 0.69953704 0.094270833 0.24351852
0 0.37421875 0.41805556 0.0640625 0.33055556
0 0.403125 0.5875 0.060416667 0.15092593
0 0.40989583 0.53240741 0.038541667 0.11296296
0 0.55807292 0.52824074 0.050520833 0.11759259
0 0.61875 0.71157407 0.072916667 0.275
0 0.63229167 0.52314815 0.032291667 0.10740741
0 0.64713542 0.525 0.047395833 0.10925926
0 0.66692708 0.59351852 0.0515625 0.19444444
0 0.68958333 0.63657407 0.057291667 0.19166667
0 0.71119792 0.70231481 0.086979167 0.22685185
0 0.73723958 0.52453704 0.041145833 0.125
0 0.76354167 0.53935185 0.060416667 0.125
0 0.80755208 0.62314815 0.0765625 0.16111111
0 0.85807292 0.6537037 0.0984375 0.19074074
0 0.92239583 0.81203704 0.15416667 0.2962963
