0 0.070833333 0.74074074 0.09375 0.17407407
0 0.11484375 0.67638889 0.0765625 0.1787037
0 0.20286458 0.53240741 0.034895833 0.057407407
0 0.20911458 0.56342593 0.063020833 0.11018519
0 0.27161458 0.60231481 0.065104167 0.11388889
0 0.29973958 0.55231481 0.0359375 0.093518519
0 0.31484375 0.73148148 0.0890625 0.16111111
0 0.34322917 0.65277778 0.075 0.17222222
0 0.36588542 0.56759259 0.0296875 0.074074074
0 0.50052083 0.60509259 0.038541667 0.16203704
0 0.52630208 0.66898148 0.0703125 0.20462963
0 0.55598958 0.82824074 0.0953125 0.28611111
0 0.57578125 0.57638889 0.046354167 0.10462963
0 0.62708333 0.74074074 0.064583333 0.24259259
0 0.65651042 0.58518519 0.0421875 0.096296296
0 0.69635417 0.69398148 0.086458333 0.2212963
0 0.81197917 0.83657407 0.12604167 0.3212963
