0 0.032552083 0.74861111 0.065104167 0.18055556
0 0.097916667 0.66296296 0.082291667 0.12777778
0 0.10885417 0.83009259 0.12708333 0.23055556
0 0.13567708 0.61111111 0.055729167 0.13518519
0 0.184375 0.71851852 0.091666667 0.16666667
0 0.24036458 0.62037037 0.0640625 0.12407407
0 0.2609375 0.59259259 0.040625 0.11111111
0 0.2828125 0.84768519 0.13333333 0.30277778
0 0.32421875 0.70509259 0.078645833 0.14907407
0 0.33385417 0.60277778 0.047916667 0.07962963
0 0.3359375 0.64259259 0.065625 0.15185185
0 0.34713542 0.58564815 0.041145833 0.10833333
0 0.38984375 0.45833333 0.0484375 0.34259259
0 0.50703125 0.6212963 0.0484375 0.18148148
0 0.52421875 0.65416667 0.046354167 0.16759259
0 0.53229167 0.7125 0.064583333 0.23425926
0 0.54375 0.77222222 0.03125 0.12592593
0 0.57265625 0.84351852 0.13802083 0.31111111
0 0.59583333 0.57592593 0.047916667 0.11296296
0 0.61875 0.62824074 0.055208333 0.16759259
0 0.63958333 0.69398148 0.057291667 0.21574074
0 0.66848958 0.74861111 0.0796875 0.23240741
0 0.6890625 0.56527778 0.05 0.13055556
0 0.7375 0.59768519 0.077083333 0.16944444
0 0.740625 0.83657407 0.15208333 0.325
0 0.82578125 0.69537037 0.072395833 0.14259259
0 0.8875 0.84675926 0.16354167 0.30462963
