0 0.13151042 0.64675926 0.090104167 0.13981481
0 0.22838542 0.67546296 0.074479167 0.16944444
0 0.30859375 0.64212963 0.0421875 0.089814815
0 0.31770833 0.51898148 0.057291667 0.25648148
0 0.32447917 0.40740741 0.021875 0.048148148
0 0.3578125 0.69259259 0.086458333 0.35555556
0 0.428125 0.63240741 0.065625 0.37407407
0 0.47682292 0.53888889 0.052604167 0.27037037
0 0.50052083 0.72916667 0.065625 0.43611111
0 0.57265625 0.76388889 0.10364583 0.47037037
0 0.62734375 0.5375 0.074479167 0.23981481
0 0.63671875 0.71666667 0.099479167 0.19074074
