0 0.190419 0.689332 0.096653 0.213189
0 0.236594 0.620263 0.054661 0.133930
0 0.236844 0.619844 0.055097 0.133091
0 0.279172 0.566446 0.056034 0.133196
0 0.303705 0.544151 0.036506 0.095506
0 0.317539 0.670944 0.084927 0.171937
0 0.353934 0.619117 0.061305 0.124025
0 0.354137 0.620034 0.061773 0.124078
0 0.364492 0.573337 0.062653 0.135714
0 0.384337 0.563934 0.042315 0.101483
0 0.418465 0.721630 0.091862 0.249038
0 0.447893 0.614452 0.063722 0.152696
0 0.462076 0.426842 0.064563 0.281474
0 0.457454 0.563640 0.038575 0.114375
0 0.591788 0.573793 0.048377 0.114588
0 0.637497 0.736367 0.064386 0.237080
0 0.654509 0.575016 0.031450 0.097601
0 0.647910 0.846438 0.142011 0.307124
0 0.685709 0.583438 0.063336 0.260037
0 0.707307 0.663689 0.055287 0.138437
0 0.718166 0.741841 0.077498 0.238551
0 0.744633 0.625385 0.024236 0.091467
0 0.770392 0.753963 0.101340 0.489719
0 0.836756 0.672400 0.051876 0.121193
