0 0.929427 0.750463 0.141146 0.236111
0 0.869792 0.695833 0.072917 0.208333
0 0.784896 0.552315 0.076042 0.258333
0 0.741927 0.661574 0.088021 0.163889
0 0.698958 0.611574 0.058333 0.130556
0 0.681510 0.554630 0.053646 0.124074
0 0.626823 0.701852 0.093229 0.250000
0 0.603646 0.552315 0.044792 0.089815
0 0.592448 0.525000 0.042188 0.096296
0 0.541667 0.368519 0.055208 0.242593
0 0.518750 0.627778 0.100000 0.442593
0 0.447917 0.552778 0.038542 0.159259
0 0.408854 0.477778 0.056250 0.207407
0 0.378125 0.695370 0.076042 0.229630
0 0.361979 0.518981 0.044792 0.102778
0 0.329427 0.592130 0.055729 0.182407
0 0.308073 0.651389 0.063021 0.217593
0 0.287760 0.717130 0.085938 0.262037
0 0.263281 0.525463 0.040104 0.121296
0 0.236458 0.543056 0.059375 0.130556
0 0.205990 0.717130 0.056771 0.210185
0 0.160937 0.649537 0.122917 0.195370
0 0.074740 0.826852 0.148438 0.344445
