0 0.081742 0.712712 0.106973 0.186932
0 0.121229 0.645210 0.077441 0.189879
0 0.205872 0.558617 0.056804 0.075108
0 0.215699 0.514165 0.037659 0.103181
0 0.266235 0.581213 0.067782 0.128626
0 0.294056 0.527650 0.034593 0.098090
0 0.296437 0.734179 0.108511 0.213432
0 0.339897 0.630174 0.069421 0.160021
0 0.356425 0.548907 0.031243 0.079294
0 0.451038 0.601206 0.024557 0.160982
0 0.476665 0.629361 0.070933 0.398683
0 0.511508 0.594887 0.022419 0.058181
0 0.531038 0.832936 0.095236 0.310331
0 0.554282 0.595248 0.047852 0.166424
0 0.601887 0.719947 0.064843 0.200784
0 0.632160 0.584191 0.043606 0.104549
0 0.664868 0.711832 0.085801 0.259847
0 0.773577 0.842453 0.126118 0.315093
