0 0.045842 0.731999 0.091685 0.277306
0 0.079112 0.672296 0.079600 0.238029
0 0.126976 0.575761 0.089515 0.172479
0 0.163681 0.519594 0.062717 0.146678
0 0.195052 0.492574 0.042997 0.110810
0 0.216585 0.639693 0.100027 0.195178
0 0.256753 0.578476 0.070457 0.141903
0 0.257853 0.579596 0.071618 0.144074
0 0.279163 0.521956 0.068380 0.150176
0 0.291270 0.490594 0.031680 0.075459
0 0.338593 0.681406 0.104799 0.267933
0 0.357331 0.510972 0.108188 0.240837
0 0.441084 0.371378 0.080141 0.380884
0 0.539602 0.539546 0.056895 0.192527
0 0.606657 0.667358 0.086044 0.195369
0 0.615547 0.484213 0.027362 0.083595
0 0.626809 0.510696 0.070142 0.154485
0 0.660336 0.589076 0.058752 0.230447
0 0.682034 0.655676 0.070159 0.241650
0 0.704452 0.699687 0.095223 0.235839
0 0.732407 0.516661 0.045872 0.143542
0 0.761717 0.537938 0.067301 0.152210
0 0.810580 0.635156 0.095464 0.190697
0 0.864601 0.669005 0.113565 0.229616
0 0.922984 0.835218 0.154032 0.329564
