0 0.078906 0.742593 0.110938 0.170370
0 0.119271 0.674074 0.079167 0.175926
0 0.207552 0.566204 0.057813 0.102778
0 0.218750 0.546296 0.036458 0.096296
0 0.270833 0.601852 0.066667 0.112963
0 0.300260 0.552778 0.031771 0.092593
0 0.303646 0.769444 0.110417 0.246296
0 0.349219 0.646296 0.072396 0.146296
0 0.365885 0.568981 0.030729 0.073148
0 0.462500 0.662037 0.082292 0.411111
0 0.492969 0.527778 0.018229 0.033333
0 0.520833 0.578704 0.037500 0.101852
0 0.555469 0.824074 0.094271 0.277778
0 0.575781 0.579167 0.046354 0.112037
0 0.628385 0.715741 0.063021 0.187037
0 0.657552 0.586111 0.043229 0.094444
0 0.694271 0.704167 0.084375 0.241667
0 0.810156 0.837037 0.122396 0.320370
