0 0.921908 0.749861 0.095228 0.173707
0 0.880924 0.688717 0.073150 0.175489
0 0.794542 0.577227 0.057430 0.099906
0 0.775404 0.564197 0.032898 0.098987
0 0.728560 0.618663 0.063812 0.114306
0 0.704751 0.567851 0.032896 0.093590
0 0.697684 0.759483 0.094251 0.189001
0 0.655955 0.658754 0.057930 0.136792
0 0.647594 0.580041 0.032402 0.078295
0 0.509969 0.584197 0.034856 0.082795
0 0.489874 0.673728 0.068245 0.182683
0 0.462192 0.830739 0.088382 0.264567
0 0.443243 0.593246 0.044675 0.104395
0 0.397898 0.754769 0.066787 0.236661
0 0.367440 0.601402 0.040256 0.093595
0 0.324782 0.715241 0.084446 0.222280
0 0.221288 0.844818 0.118814 0.310364
