0 0.0625 0.89212963 0.077083333 0.15277778
0 0.11614583 0.67546296 0.065625 0.18055556
0 0.19583333 0.56342593 0.057291667 0.089814815
0 0.23776042 0.51666667 0.033854167 0.16666667
0 0.265625 0.61018519 0.06875 0.13148148
0 0.28880208 0.53148148 0.049479167 0.1537037
0 0.31197917 0.5125 0.029166667 0.11574074
0 0.33255208 0.65555556 0.0859375 0.15925926
0 0.4359375 0.6837963 0.063541667 0.36944444
0 0.49479167 0.76990741 0.071875 0.45833333
0 0.51588542 0.56666667 0.0234375 0.07962963
0 0.54114583 0.63518519 0.051041667 0.14074074
0 0.57760417 0.57314815 0.045833333 0.1
0 0.62760417 0.73888889 0.072916667 0.25
0 0.81588542 0.8337963 0.12864583 0.32685185
