0 0.062500 0.889815 0.077083 0.146296
0 0.116146 0.675463 0.065625 0.180556
0 0.196875 0.564352 0.056250 0.093518
0 0.242188 0.516204 0.034375 0.176852
0 0.264844 0.609259 0.065104 0.131482
0 0.271094 0.497685 0.031771 0.089815
0 0.295312 0.528241 0.053125 0.149074
0 0.331771 0.653704 0.088542 0.157407
0 0.423177 0.656482 0.063021 0.259259
0 0.446615 0.781482 0.095312 0.435185
0 0.501823 0.597222 0.039062 0.144444
0 0.527344 0.667593 0.066146 0.207407
0 0.577083 0.575926 0.046875 0.107407
0 0.625781 0.739815 0.070312 0.240741
0 0.803385 0.835185 0.109896 0.327778
