0 0.077604167 0.73935185 0.11041667 0.175
0 0.11432292 0.65740741 0.0765625 0.14444444
0 0.20651042 0.56296296 0.058854167 0.10555556
0 0.21901042 0.55138889 0.036979167 0.091666667
0 0.27161458 0.59907407 0.065104167 0.10925926
0 0.3 0.55185185 0.035416667 0.092592593
0 0.30677083 0.75046296 0.10729167 0.20277778
0 0.34895833 0.64305556 0.073958333 0.14351852
0 0.36510417 0.56898148 0.030208333 0.071296296
0 0.48802083 0.62407407 0.013541667 0.092592593
0 0.52239583 0.61342593 0.063541667 0.23425926
0 0.55572917 0.82777778 0.09375 0.28518519
0 0.57682292 0.5787037 0.0453125 0.10925926
0 0.62473958 0.70601852 0.069270833 0.16759259
0 0.65651042 0.58518519 0.043229167 0.096296296
0 0.69348958 0.70231481 0.084895833 0.24351852
0 0.81223958 0.83703704 0.1265625 0.32037037
