0 0.04140625 0.82916667 0.0828125 0.33981481
0 0.07734375 0.7337963 0.083854167 0.18796296
0 0.1171875 0.67546296 0.0625 0.18240741
0 0.19791667 0.5662037 0.057291667 0.093518519
0 0.27083333 0.6087963 0.077083333 0.13055556
0 0.34401042 0.65277778 0.075520833 0.14814815
0 0.43567708 0.65092593 0.071354167 0.34814815
0 0.49375 0.58333333 0.058333333 0.27037037
0 0.5265625 0.66157407 0.066666667 0.18425926
0 0.62578125 0.74351852 0.071354167 0.24444444
0 0.78854167 0.75462963 0.11041667 0.47407407
