0 0.921094 0.742593 0.110938 0.170370
0 0.880729 0.674074 0.079167 0.175926
0 0.792448 0.566204 0.057813 0.102778
0 0.781250 0.546296 0.036458 0.096296
0 0.729167 0.601852 0.066667 0.112963
0 0.699740 0.552778 0.031771 0.092593
0 0.696354 0.769444 0.110417 0.246296
0 0.650781 0.646296 0.072396 0.146296
0 0.634115 0.568981 0.030729 0.073148
0 0.537500 0.662037 0.082292 0.411111
0 0.507031 0.527778 0.018229 0.033333
0 0.479167 0.578704 0.037500 0.101852
0 0.444531 0.824074 0.094271 0.277778
0 0.424219 0.579167 0.046354 0.112037
0 0.371615 0.715741 0.063021 0.187037
0 0.342448 0.586111 0.043229 0.094444
0 0.305729 0.704167 0.084375 0.241667
0 0.189844 0.837037 0.122396 0.320370
