0 0.0703125 0.75138889 0.140625 0.23796296
0 0.12916667 0.69861111 0.071875 0.20648148
0 0.18802083 0.61435185 0.086458333 0.13796296
0 0.21171875 0.54537037 0.0453125 0.10740741
0 0.23541667 0.5337963 0.038541667 0.099074074
0 0.25677083 0.65740741 0.0875 0.15925926
0 0.29739583 0.60694444 0.061458333 0.1212963
0 0.31744792 0.5537037 0.053645833 0.12407407
0 0.37161458 0.68842593 0.0921875 0.2287037
0 0.3953125 0.55138889 0.04375 0.087962963
0 0.40546875 0.52361111 0.043229167 0.09537037
0 0.44791667 0.60324074 0.076041667 0.38611111
0 0.45963542 0.36296296 0.0578125 0.23333333
0 0.55625 0.54953704 0.051041667 0.15648148
0 0.6203125 0.69398148 0.075 0.2287037
0 0.63020833 0.5037037 0.059375 0.16481481
0 0.66822917 0.59583333 0.055208333 0.19351852
0 0.69114583 0.65277778 0.0625 0.21296296
0 0.71197917 0.71712963 0.085416667 0.26018519
0 0.73463542 0.52314815 0.0390625 0.11851852
0 0.76276042 0.54166667 0.058854167 0.13148148
0 0.8109375 0.62592593 0.088541667 0.16481481
0 0.84270833 0.66851852 0.13645833 0.22962963
0 0.92473958 0.82592593 0.14947917 0.3462963
