0 0.017343 0.666656 0.034686 0.201286
0 0.064907 0.590957 0.080892 0.141475
0 0.063812 0.758695 0.127625 0.246652
0 0.103501 0.543177 0.064847 0.147448
0 0.155935 0.657246 0.110212 0.177773
0 0.212954 0.562020 0.069723 0.130819
0 0.233610 0.538269 0.046309 0.126524
0 0.247902 0.804087 0.148184 0.331040
0 0.273747 0.400612 0.055998 0.342556
0 0.296053 0.662938 0.076715 0.162933
0 0.317307 0.561665 0.039551 0.084919
0 0.316313 0.600834 0.084799 0.161856
0 0.320266 0.537543 0.052209 0.108097
0 0.488441 0.610755 0.053585 0.217661
0 0.507134 0.630863 0.052708 0.173802
0 0.513546 0.693776 0.076357 0.252339
0 0.538727 0.732267 0.069920 0.237409
0 0.556479 0.486484 0.063780 0.214897
0 0.553588 0.836310 0.167611 0.327380
0 0.588091 0.562029 0.061268 0.120440
0 0.627951 0.643683 0.058442 0.133473
0 0.654716 0.725916 0.088718 0.199365
0 0.678503 0.563123 0.058534 0.136337
0 0.732559 0.601689 0.085447 0.181904
0 0.728989 0.837016 0.173023 0.325968
0 0.818299 0.722034 0.085836 0.177186
0 0.877117 0.856749 0.182539 0.286502
