0 0.071875 0.74212963 0.097916667 0.1712963
0 0.11510417 0.66064815 0.075 0.14722222
0 0.17578125 0.79398148 0.1421875 0.41018519
0 0.20625 0.56296296 0.057291667 0.1037037
0 0.21875 0.55138889 0.0375 0.093518519
0 0.27083333 0.6037037 0.065625 0.11666667
0 0.29947917 0.55092593 0.034375 0.096296296
0 0.30520833 0.73611111 0.115625 0.1962963
0 0.353125 0.64490741 0.058333333 0.14351852
0 0.36458333 0.56898148 0.030208333 0.071296296
0 0.46145833 0.64027778 0.079166667 0.35092593
0 0.51744792 0.57777778 0.043229167 0.1037037
0 0.55572917 0.82777778 0.09375 0.28518519
0 0.5765625 0.57407407 0.044791667 0.098148148
0 0.62473958 0.71574074 0.0703125 0.18703704
0 0.65833333 0.58611111 0.04375 0.096296296
0 0.69375 0.7037037 0.085416667 0.24259259
0 0.81067708 0.83611111 0.1234375 0.32037037
