0 0.936719 0.732870 0.108854 0.187963
0 0.882813 0.675463 0.063542 0.180556
0 0.803385 0.567130 0.055729 0.095370
0 0.773958 0.543519 0.036458 0.088889
0 0.745313 0.598611 0.072917 0.108333
0 0.704688 0.535185 0.036458 0.079630
0 0.666406 0.653241 0.096354 0.156482
0 0.636458 0.565278 0.040625 0.080556
0 0.582292 0.648148 0.065625 0.320370
0 0.551823 0.794907 0.120313 0.408333
0 0.494010 0.605556 0.049479 0.159259
0 0.470573 0.655093 0.068229 0.178704
0 0.433594 0.786111 0.096354 0.261111
0 0.424740 0.575000 0.050521 0.103704
0 0.388281 0.542130 0.036979 0.186111
0 0.372656 0.688426 0.065104 0.137963
0 0.185938 0.837500 0.128125 0.319444
