0 0.043489583 0.76481481 0.086979167 0.22037037
0 0.08125 0.70092593 0.057291667 0.16481481
0 0.084114583 0.93055556 0.16822917 0.13703704
0 0.15052083 0.78194444 0.12083333 0.21574074
0 0.17395833 0.58240741 0.060416667 0.12962963
0 0.22604167 0.68518519 0.090625 0.16481481
0 0.26328125 0.6287037 0.0609375 0.12592593
0 0.28359375 0.58101852 0.0640625 0.13240741
0 0.30286458 0.41851852 0.071354167 0.28703704
0 0.31901042 0.825 0.11927083 0.33888889
0 0.32369792 0.53009259 0.053645833 0.18240741
0 0.36015625 0.67222222 0.068229167 0.1462963
0 0.36588542 0.57361111 0.0484375 0.091666667
0 0.38463542 0.55416667 0.034895833 0.11018519
0 0.43880208 0.56805556 0.065104167 0.31574074
0 0.52005208 0.59259259 0.052604167 0.20185185
0 0.53046875 0.79074074 0.046354167 0.14444444
0 0.57760417 0.68101852 0.057291667 0.18055556
0 0.59348958 0.8212963 0.14739583 0.35555556
0 0.59817708 0.54212963 0.061979167 0.11388889
0 0.6359375 0.6125 0.052083333 0.19722222
0 0.65807292 0.65601852 0.055729167 0.19722222
0 0.68515625 0.74537037 0.077604167 0.28333333
0 0.7078125 0.54444444 0.044791667 0.12222222
0 0.72994792 0.55740741 0.056770833 0.12592593
0 0.76171875 0.81574074 0.1546875 0.36666667
0 0.79739583 0.61944444 0.053125 0.11481481
0 0.89765625 0.83240741 0.15677083 0.33333333
