0 0.036197917 0.8212963 0.072395833 0.35555556
0 0.07578125 0.73101852 0.086979167 0.18981481
0 0.11614583 0.67546296 0.065625 0.18055556
0 0.13776042 0.54305556 0.071354167 0.19722222
0 0.17604167 0.51342593 0.038541667 0.11574074
0 0.19713542 0.56435185 0.056770833 0.091666667
0 0.25729167 0.53657407 0.054166667 0.15462963
0 0.26770833 0.6212963 0.073958333 0.1537037
0 0.33958333 0.65277778 0.084375 0.1537037
0 0.50182292 0.575 0.050520833 0.1462963
0 0.52682292 0.65740741 0.068229167 0.18703704
0 0.57630208 0.57361111 0.046354167 0.11018519
0 0.62578125 0.74305556 0.071354167 0.24351852
0 0.81484375 0.83935185 0.12864583 0.31944444
