0 0.090583 0.741189 0.133098 0.239682
0 0.142753 0.689062 0.075581 0.208602
0 0.219771 0.552291 0.056935 0.127520
0 0.247583 0.527399 0.037010 0.095105
0 0.267337 0.653060 0.084779 0.160960
0 0.305657 0.600289 0.050967 0.120092
0 0.325905 0.550492 0.049494 0.122828
0 0.357206 0.812269 0.132138 0.363674
0 0.391057 0.645984 0.059961 0.141339
0 0.400128 0.548268 0.043422 0.090598
0 0.415050 0.529634 0.035588 0.109783
0 0.470939 0.651184 0.082620 0.469566
0 0.474824 0.375638 0.064396 0.254381
0 0.561543 0.636317 0.080427 0.419016
0 0.622650 0.518166 0.047929 0.103518
0 0.638309 0.676384 0.106730 0.438657
0 0.692887 0.581113 0.026551 0.078431
0 0.693144 0.578819 0.025047 0.073819
0 0.709297 0.678709 0.062637 0.189140
0 0.722060 0.526842 0.037114 0.119907
0 0.747473 0.542798 0.055458 0.129338
0 0.794872 0.683067 0.090702 0.274940
0 0.902119 0.827078 0.144436 0.345843
