0 0.070833 0.738889 0.096875 0.177778
0 0.115625 0.675926 0.066667 0.181481
0 0.196615 0.564352 0.055729 0.089815
0 0.227865 0.544444 0.044271 0.094444
0 0.270573 0.602778 0.066146 0.116667
0 0.300000 0.551852 0.032292 0.096296
0 0.302865 0.736111 0.111979 0.192593
0 0.350000 0.563889 0.039583 0.077778
0 0.351042 0.643519 0.060417 0.137037
0 0.502865 0.568981 0.035938 0.089815
0 0.523958 0.660185 0.067708 0.185185
0 0.552604 0.829630 0.094792 0.285185
0 0.574219 0.598148 0.045313 0.150000
0 0.628125 0.592130 0.067708 0.184259
0 0.636979 0.743519 0.086458 0.244444
0 0.657812 0.583796 0.032292 0.099074
0 0.810938 0.837037 0.123958 0.320370
