0 0.033854 0.748148 0.067708 0.175926
0 0.099479 0.665278 0.081250 0.130556
0 0.108333 0.825926 0.129167 0.227778
0 0.139323 0.609722 0.049479 0.134259
0 0.190104 0.718056 0.101042 0.165741
0 0.240625 0.618056 0.064583 0.123148
0 0.259896 0.591667 0.042708 0.112963
0 0.283073 0.846759 0.132812 0.299074
0 0.320052 0.706481 0.082812 0.150000
0 0.336458 0.553241 0.023958 0.041667
0 0.341146 0.642593 0.059375 0.150000
0 0.397396 0.452778 0.064583 0.335185
0 0.520052 0.659722 0.041146 0.156482
0 0.532812 0.544444 0.073958 0.192593
0 0.534375 0.711574 0.067708 0.236111
0 0.545833 0.770833 0.034375 0.125000
0 0.572135 0.843056 0.142187 0.312037
0 0.603385 0.579167 0.053646 0.121296
0 0.638802 0.694444 0.055729 0.212963
0 0.667448 0.747222 0.081771 0.231481
0 0.690104 0.563889 0.050000 0.133333
0 0.738802 0.596759 0.077604 0.169444
0 0.746615 0.839352 0.157812 0.319444
0 0.833333 0.700926 0.061458 0.151852
0 0.887500 0.845833 0.162500 0.306481
