0 0.938021 0.898148 0.077083 0.150000
0 0.882552 0.675463 0.063021 0.182407
0 0.802604 0.565741 0.056250 0.092593
0 0.767188 0.554167 0.047917 0.112037
0 0.726823 0.604167 0.068229 0.117593
0 0.700260 0.550463 0.033854 0.095370
0 0.692708 0.738889 0.123958 0.159259
0 0.652083 0.644907 0.062500 0.134259
0 0.642188 0.566204 0.035417 0.075000
0 0.496354 0.572685 0.041667 0.095370
0 0.474740 0.661111 0.068229 0.181481
0 0.449219 0.831019 0.097396 0.297222
0 0.419010 0.599537 0.049479 0.232407
0 0.371615 0.742593 0.064062 0.244444
0 0.343490 0.583796 0.042187 0.099074
0 0.186719 0.836574 0.127604 0.321296
