0 0.078385417 0.74074074 0.1109375 0.17222222
0 0.11458333 0.6587963 0.078125 0.14537037
0 0.20677083 0.56435185 0.058333333 0.10462963
0 0.27213542 0.59953704 0.0640625 0.10833333
0 0.3 0.55185185 0.036458333 0.094444444
0 0.30703125 0.75092593 0.1078125 0.2037037
0 0.34921875 0.6537037 0.072395833 0.15925926
0 0.365625 0.56898148 0.030208333 0.071296296
0 0.48854167 0.62592593 0.014583333 0.10185185
0 0.52161458 0.65787037 0.063020833 0.31944444
0 0.55625 0.8287037 0.09375 0.28518519
0 0.57682292 0.57638889 0.046354167 0.10462963
0 0.62604167 0.70648148 0.066666667 0.16666667
0 0.65677083 0.58611111 0.042708333 0.096296296
0 0.69401042 0.70277778 0.0859375 0.24444444
0 0.8125 0.83796296 0.12604167 0.32037037
