0 0.924479 0.732870 0.086458 0.186111
0 0.883073 0.675463 0.064062 0.180556
0 0.802865 0.564352 0.056771 0.091667
0 0.791927 0.495370 0.038021 0.135185
0 0.761979 0.530556 0.039583 0.159259
0 0.732552 0.602778 0.066146 0.118518
0 0.711198 0.535185 0.046354 0.161111
0 0.684115 0.650000 0.052604 0.157407
0 0.656250 0.805556 0.136458 0.387037
0 0.596875 0.781018 0.062500 0.436111
0 0.497917 0.617130 0.041667 0.186111
0 0.472656 0.655093 0.068229 0.180556
0 0.423177 0.577315 0.048437 0.110185
0 0.374219 0.743519 0.071354 0.244444
0 0.185156 0.837037 0.128646 0.314815
