0 0.046354167 0.7962963 0.092708333 0.21851852
0 0.090625 0.70833333 0.1125 0.22962963
0 0.16744792 0.78518519 0.0890625 0.23148148
0 0.20755208 0.60231481 0.0796875 0.23240741
0 0.30885417 0.7962963 0.083333333 0.17592593
0 0.33567708 0.66898148 0.075520833 0.14166667
0 0.36302083 0.62314815 0.070833333 0.15
0 0.52213542 0.62314815 0.090104167 0.26481481
0 0.56119792 0.7587963 0.10885417 0.35462963
0 0.58723958 0.8337963 0.1015625 0.33055556
0 0.66666667 0.67037037 0.0875 0.22592593
0 0.77005208 0.76712963 0.1203125 0.28425926
