0 0.13229167 0.64259259 0.088541667 0.14444444
0 0.22057292 0.84305556 0.058854167 0.1212963
0 0.26328125 0.63935185 0.049479167 0.14537037
0 0.28567708 0.57824074 0.0484375 0.13981481
0 0.32473958 0.77962963 0.1140625 0.19814815
0 0.34479167 0.61435185 0.103125 0.14722222
0 0.3828125 0.57916667 0.060416667 0.1287037
0 0.56484375 0.66944444 0.0921875 0.26296296
0 0.56875 0.77268519 0.082291667 0.29907407
0 0.67916667 0.69398148 0.097916667 0.2287037
0 0.75442708 0.83194444 0.10572917 0.33425926
0 0.79088542 0.60601852 0.0765625 0.14351852
