0 0.852001 0.793367 0.111364 0.168141
0 0.817891 0.727870 0.084514 0.166431
0 0.744461 0.622714 0.055806 0.096606
0 0.726972 0.606497 0.036895 0.088043
0 0.678553 0.642079 0.061675 0.107199
0 0.653146 0.590626 0.037281 0.075990
0 0.634962 0.816931 0.116366 0.290843
0 0.616306 0.677581 0.091052 0.140790
0 0.593479 0.603575 0.040159 0.065128
0 0.471000 0.643331 0.064815 0.271603
0 0.442497 0.584435 0.039213 0.095667
0 0.442212 0.585211 0.039703 0.095743
0 0.400583 0.800939 0.099526 0.264834
0 0.390646 0.578914 0.048847 0.103610
0 0.340821 0.683952 0.075291 0.156937
0 0.299108 0.561546 0.095940 0.151233
0 0.275987 0.671105 0.087817 0.224272
0 0.157500 0.770904 0.132414 0.300580
