0 0.13046875 0.63842593 0.077604167 0.15648148
0 0.1890625 0.56712963 0.05625 0.11203704
0 0.25052083 0.63888889 0.103125 0.18148148
0 0.28854167 0.56111111 0.054166667 0.12222222
0 0.31953125 0.79768519 0.10885417 0.1712963
0 0.35442708 0.64583333 0.084895833 0.14907407
0 0.39973958 0.50972222 0.0578125 0.23240741
0 0.52942708 0.5662037 0.0453125 0.11203704
0 0.55703125 0.63425926 0.0828125 0.23518519
0 0.628125 0.63148148 0.069791667 0.42407407
0 0.67213542 0.58842593 0.0359375 0.09537037
0 0.67213542 0.58888889 0.0359375 0.096296296
0 0.76484375 0.81111111 0.19114583 0.37592593
