0 0.109059 0.665613 0.099877 0.217345
0 0.157452 0.588870 0.056090 0.137071
0 0.157712 0.588407 0.056595 0.136145
0 0.202363 0.528500 0.057620 0.136174
0 0.228496 0.502890 0.037282 0.097963
0 0.247305 0.635202 0.088214 0.174678
0 0.285525 0.577465 0.063680 0.125998
0 0.285773 0.578413 0.064193 0.126013
0 0.295714 0.528339 0.064816 0.138261
0 0.317104 0.516714 0.043486 0.103785
0 0.358972 0.679804 0.093559 0.255736
0 0.387968 0.564386 0.065490 0.156155
0 0.397969 0.365597 0.062620 0.292484
0 0.396921 0.510049 0.038999 0.117768
0 0.543878 0.509066 0.049759 0.117134
0 0.598531 0.676286 0.063733 0.245477
0 0.612388 0.504902 0.031667 0.100625
0 0.613712 0.812730 0.145729 0.356005
0 0.646698 0.511058 0.061903 0.269885
0 0.672623 0.593687 0.056645 0.141791
0 0.686762 0.675038 0.078091 0.245887
0 0.712253 0.550108 0.023924 0.094759
0 0.744134 0.683264 0.096879 0.509838
0 0.814204 0.591609 0.053407 0.123824
