0 0.956164 0.649170 0.087671 0.189722
0 0.916960 0.592351 0.072180 0.189448
0 0.833930 0.491877 0.057691 0.096739
0 0.802882 0.476154 0.046817 0.099846
0 0.764108 0.539839 0.068905 0.124843
0 0.733495 0.492991 0.035321 0.100119
0 0.738607 0.676837 0.116440 0.206455
0 0.685696 0.511534 0.041575 0.082636
0 0.688094 0.590959 0.064240 0.144374
0 0.538203 0.536654 0.038567 0.094144
0 0.521720 0.630234 0.073345 0.193273
0 0.501286 0.802710 0.103791 0.296397
0 0.470501 0.575055 0.050199 0.155301
0 0.418155 0.576132 0.073305 0.192351
0 0.416073 0.728034 0.093997 0.254737
0 0.389112 0.571728 0.035440 0.102885
0 0.251979 0.838170 0.133479 0.323660
