0 0.06953125 0.74861111 0.1390625 0.23981481
0 0.12421875 0.69537037 0.078645833 0.20925926
0 0.2046875 0.55648148 0.059375 0.12777778
0 0.23385417 0.53101852 0.038541667 0.09537037
0 0.25520833 0.65740741 0.088541667 0.16111111
0 0.2953125 0.6037037 0.053125 0.12037037
0 0.31640625 0.55324074 0.0515625 0.12314815
0 0.35052083 0.81666667 0.1375 0.36481481
0 0.38541667 0.64861111 0.0625 0.14166667
0 0.39453125 0.55 0.0453125 0.090740741
0 0.41015625 0.53101852 0.036979167 0.11018519
0 0.46953125 0.65277778 0.084895833 0.47222222
0 0.47239583 0.375 0.066666667 0.25555556
0 0.56484375 0.63657407 0.0828125 0.4212963
0 0.62864583 0.51666667 0.05 0.1037037
0 0.64583333 0.67592593 0.11041667 0.44074074
0 0.70286458 0.57916667 0.027604167 0.078703704
0 0.703125 0.57685185 0.026041667 0.074074074
0 0.72057292 0.67731481 0.065104167 0.18981481
0 0.73333333 0.52407407 0.038541667 0.12037037
0 0.76015625 0.53981481 0.0578125 0.12962963
0 0.81067708 0.68055556 0.094270833 0.27592593
0 0.92421875 0.825 0.15052083 0.34814815
