0 0.032552 0.748611 0.065104 0.180556
0 0.097917 0.662963 0.082292 0.127778
0 0.108854 0.830093 0.127083 0.230556
0 0.135677 0.611111 0.055729 0.135185
0 0.184375 0.718518 0.091667 0.166667
0 0.240365 0.620370 0.064062 0.124074
0 0.260938 0.592593 0.040625 0.111111
0 0.282813 0.847685 0.133333 0.302778
0 0.324219 0.705093 0.078646 0.149074
0 0.333854 0.602778 0.047917 0.079630
0 0.335938 0.642593 0.065625 0.151852
0 0.347135 0.585648 0.041146 0.108333
0 0.389844 0.458333 0.048437 0.342593
0 0.507031 0.621296 0.048437 0.181481
0 0.524219 0.654167 0.046354 0.167593
0 0.532292 0.712500 0.064583 0.234259
0 0.543750 0.772222 0.031250 0.125926
0 0.572656 0.843518 0.138021 0.311111
0 0.595833 0.575926 0.047917 0.112963
0 0.618750 0.628241 0.055208 0.167593
0 0.639583 0.693981 0.057292 0.215741
0 0.668490 0.748611 0.079687 0.232407
0 0.689062 0.565278 0.050000 0.130556
0 0.737500 0.597685 0.077083 0.169444
0 0.740625 0.836574 0.152083 0.325000
0 0.825781 0.695370 0.072396 0.142593
0 0.887500 0.846759 0.163542 0.304630
