0 0.015625 0.69675926 0.03125 0.19166667
0 0.030989583 0.6375 0.061979167 0.29907407
0 0.062760417 0.89583333 0.077604167 0.15277778
0 0.11744792 0.67685185 0.061979167 0.17962963
0 0.19661458 0.56435185 0.055729167 0.091666667
0 0.27291667 0.60833333 0.066666667 0.12777778
0 0.34401042 0.65046296 0.0765625 0.14722222
0 0.46432292 0.59351852 0.0484375 0.28888889
0 0.528125 0.65648148 0.069791667 0.17777778
0 0.54375 0.54305556 0.044791667 0.19351852
0 0.62578125 0.73981481 0.071354167 0.23703704
0 0.80989583 0.75185185 0.12083333 0.49074074
