0 0.069271 0.652778 0.095833 0.403704
0 0.137760 0.696296 0.054688 0.209259
0 0.170312 0.619907 0.072917 0.137963
0 0.207552 0.556481 0.060937 0.127778
0 0.236458 0.532870 0.037500 0.099074
0 0.257812 0.657870 0.089583 0.160185
0 0.302344 0.599537 0.057813 0.128704
0 0.302604 0.599537 0.058333 0.128704
0 0.321354 0.553704 0.051042 0.125926
0 0.370833 0.698148 0.092708 0.246296
0 0.404427 0.583796 0.069271 0.150926
0 0.407292 0.522222 0.044792 0.094444
0 0.460938 0.412500 0.064583 0.330556
0 0.555469 0.571759 0.051563 0.200926
0 0.556510 0.528241 0.049479 0.113889
0 0.617969 0.691204 0.078646 0.234259
0 0.626823 0.522222 0.030729 0.103704
0 0.645573 0.553704 0.047396 0.168519
0 0.671094 0.593982 0.049479 0.197222
0 0.690625 0.601852 0.056250 0.122222
0 0.708073 0.716204 0.094271 0.262037
0 0.738281 0.524537 0.044271 0.121296
0 0.762760 0.542130 0.060938 0.130556
0 0.811198 0.630093 0.082813 0.175000
0 0.859635 0.651389 0.100521 0.193519
0 0.913281 0.826852 0.172396 0.344445
