0 0.945312 0.835185 0.109375 0.240741
0 0.899219 0.729630 0.067188 0.170370
0 0.829948 0.799537 0.117188 0.206481
0 0.807292 0.605093 0.060417 0.132407
0 0.754688 0.710648 0.089583 0.171296
0 0.716927 0.651389 0.057813 0.119444
0 0.663281 0.838426 0.123438 0.313889
0 0.641146 0.534722 0.044792 0.195370
0 0.621875 0.695833 0.069792 0.145370
0 0.611979 0.638426 0.072917 0.143519
0 0.608073 0.599537 0.031771 0.071296
0 0.595573 0.456019 0.058854 0.326852
0 0.467448 0.561111 0.039062 0.105556
0 0.467188 0.561111 0.039583 0.103704
0 0.445573 0.597222 0.046354 0.131482
0 0.439583 0.644907 0.056250 0.163889
0 0.422917 0.707407 0.062500 0.229630
0 0.393490 0.715278 0.057812 0.208333
0 0.386979 0.837500 0.138542 0.323148
0 0.371615 0.557407 0.044271 0.100000
0 0.340625 0.606944 0.054167 0.136111
0 0.313542 0.647222 0.050000 0.120370
0 0.289844 0.777778 0.078646 0.294444
0 0.260677 0.587963 0.059896 0.127778
0 0.250521 0.556944 0.045833 0.108333
0 0.220833 0.835185 0.147917 0.327778
0 0.201823 0.713889 0.103646 0.257407
0 0.077344 0.846296 0.153646 0.305556
