0 0.12916667 0.63796296 0.080208333 0.15740741
0 0.18828125 0.56898148 0.0546875 0.11574074
0 0.25520833 0.6287037 0.085416667 0.15185185
0 0.25520833 0.62962963 0.085416667 0.1537037
0 0.29348958 0.56111111 0.044270833 0.12222222
0 0.32578125 0.78472222 0.12135417 0.17314815
0 0.34791667 0.64351852 0.092708333 0.15
0 0.44192708 0.58101852 0.0640625 0.38055556
0 0.53072917 0.56435185 0.046875 0.11388889
0 0.54895833 0.6337963 0.063541667 0.23425926
0 0.61223958 0.64212963 0.077604167 0.40462963
0 0.71171875 0.67638889 0.1671875 0.44907407
