0 0.033333333 0.74305556 0.066666667 0.17314815
0 0.097135417 0.66435185 0.080729167 0.125
0 0.10859375 0.82685185 0.1265625 0.23148148
0 0.13671875 0.60787037 0.0515625 0.125
0 0.18489583 0.71574074 0.091666667 0.16111111
0 0.24088542 0.61944444 0.0640625 0.12222222
0 0.26015625 0.59259259 0.041145833 0.11296296
0 0.28333333 0.84722222 0.13229167 0.3037037
0 0.32682292 0.70833333 0.072395833 0.14444444
0 0.34296875 0.58703704 0.046354167 0.10740741
0 0.34791667 0.67824074 0.038541667 0.078703704
0 0.3984375 0.45277778 0.0625 0.33703704
0 0.50677083 0.62175926 0.046875 0.1787037
0 0.52447917 0.65324074 0.045833333 0.16944444
0 0.53359375 0.71157407 0.066145833 0.23611111
0 0.54375 0.77314815 0.030208333 0.12222222
0 0.571875 0.84398148 0.140625 0.31018519
0 0.60234375 0.56388889 0.069270833 0.26481481
0 0.63671875 0.66574074 0.044270833 0.15555556
0 0.66848958 0.74768519 0.0796875 0.23240741
0 0.6890625 0.56481481 0.05 0.13148148
0 0.73802083 0.59722222 0.078125 0.16851852
0 0.74114583 0.83564815 0.14791667 0.32685185
0 0.82447917 0.70416667 0.077083333 0.15648148
0 0.88802083 0.8462963 0.1625 0.30555556
