0 0.069270833 0.65277778 0.095833333 0.4037037
0 0.13776042 0.6962963 0.0546875 0.20925926
0 0.1703125 0.61990741 0.072916667 0.13796296
0 0.20755208 0.55648148 0.0609375 0.12777778
0 0.23645833 0.53287037 0.0375 0.099074074
0 0.2578125 0.65787037 0.089583333 0.16018519
0 0.30234375 0.59953704 0.0578125 0.1287037
0 0.30260417 0.59953704 0.058333333 0.1287037
0 0.32135417 0.5537037 0.051041667 0.12592593
0 0.37083333 0.69814815 0.092708333 0.2462963
0 0.40442708 0.5837963 0.069270833 0.15092593
0 0.40729167 0.52222222 0.044791667 0.094444444
0 0.4609375 0.4125 0.064583333 0.33055556
0 0.55546875 0.57175926 0.0515625 0.20092593
0 0.55651042 0.52824074 0.049479167 0.11388889
0 0.61796875 0.6912037 0.078645833 0.23425926
0 0.62682292 0.52222222 0.030729167 0.1037037
0 0.64557292 0.5537037 0.047395833 0.16851852
0 0.67109375 0.59398148 0.049479167 0.19722222
0 0.690625 0.60185185 0.05625 0.12222222
0 0.70807292 0.7162037 0.094270833 0.26203704
0 0.73828125 0.52453704 0.044270833 0.1212963
0 0.76276042 0.54212963 0.0609375 0.13055556
0 0.81119792 0.63009259 0.0828125 0.175
0 0.85963542 0.65138889 0.10052083 0.19351852
0 0.91328125 0.82685185 0.17239583 0.34444444
