0 0.071875 0.740741 0.093750 0.172222
0 0.116667 0.676389 0.073958 0.180556
0 0.204427 0.563426 0.058854 0.099074
0 0.223177 0.548611 0.032813 0.100926
0 0.273698 0.603241 0.065104 0.115741
0 0.298698 0.550000 0.034896 0.090741
0 0.304427 0.750463 0.104688 0.199074
0 0.352604 0.643056 0.058333 0.137963
0 0.357812 0.564352 0.034375 0.080556
0 0.501302 0.605556 0.040104 0.159259
0 0.526823 0.658796 0.071354 0.184259
0 0.558073 0.826852 0.097396 0.281482
0 0.576823 0.577315 0.048437 0.106481
0 0.624479 0.743519 0.069792 0.244444
0 0.657552 0.586111 0.043229 0.096296
0 0.703385 0.700926 0.084896 0.244444
0 0.812500 0.837963 0.126042 0.320370
