0 0.071875 0.742130 0.097917 0.171296
0 0.115104 0.660648 0.075000 0.147222
0 0.175781 0.793981 0.142188 0.410185
0 0.206250 0.562963 0.057292 0.103704
0 0.218750 0.551389 0.037500 0.093518
0 0.270833 0.603704 0.065625 0.116667
0 0.299479 0.550926 0.034375 0.096296
0 0.305208 0.736111 0.115625 0.196296
0 0.353125 0.644907 0.058333 0.143519
0 0.364583 0.568981 0.030208 0.071296
0 0.461458 0.640278 0.079167 0.350926
0 0.517448 0.577778 0.043229 0.103704
0 0.555729 0.827778 0.093750 0.285185
0 0.576563 0.574074 0.044792 0.098148
0 0.624740 0.715741 0.070312 0.187037
0 0.658333 0.586111 0.043750 0.096296
0 0.693750 0.703704 0.085417 0.242593
0 0.810677 0.836111 0.123438 0.320370
