0 0.928646 0.741204 0.093750 0.173148
0 0.883333 0.675463 0.072917 0.180556
0 0.796875 0.563889 0.058333 0.101852
0 0.779167 0.549074 0.036458 0.100000
0 0.729948 0.601852 0.065104 0.114815
0 0.704167 0.551389 0.040625 0.093518
0 0.693229 0.768056 0.104167 0.236111
0 0.650000 0.645370 0.063542 0.138889
0 0.637240 0.568056 0.028646 0.073148
0 0.498438 0.606944 0.039583 0.162037
0 0.473698 0.659259 0.071354 0.185185
0 0.442708 0.827778 0.096875 0.285185
0 0.423958 0.578241 0.046875 0.108333
0 0.376042 0.706019 0.070833 0.167593
0 0.341667 0.585185 0.043750 0.096296
0 0.296875 0.701852 0.085417 0.244444
0 0.190365 0.836574 0.121354 0.321296
