0 0.931616 0.867072 0.072890 0.168061
0 0.876943 0.644032 0.063860 0.196226
0 0.803231 0.533577 0.053327 0.099924
0 0.764884 0.488292 0.035572 0.178622
0 0.743853 0.589352 0.064839 0.144861
0 0.720765 0.508680 0.048777 0.166444
0 0.699813 0.490875 0.029651 0.124574
0 0.686931 0.643395 0.080867 0.175715
0 0.597505 0.682831 0.068791 0.394866
0 0.549101 0.767197 0.079258 0.465607
0 0.523384 0.567039 0.023349 0.086024
0 0.503737 0.641538 0.049680 0.152945
0 0.469627 0.579657 0.043668 0.109570
0 0.431815 0.758821 0.072721 0.270012
0 0.270510 0.849166 0.124218 0.301667
