0 0.04921875 0.71388889 0.0984375 0.3537037
0 0.178125 0.68009259 0.11875 0.34722222
0 0.26197917 0.63009259 0.064583333 0.15833333
0 0.28515625 0.58888889 0.071354167 0.12037037
0 0.34713542 0.73703704 0.0890625 0.23703704
0 0.36015625 0.5587963 0.0546875 0.1212963
0 0.515625 0.59166667 0.069791667 0.23518519
0 0.53828125 0.5962963 0.053645833 0.10555556
0 0.58671875 0.61435185 0.080729167 0.36018519
0 0.62604167 0.55972222 0.032291667 0.056481481
0 0.67239583 0.68194444 0.070833333 0.20833333
0 0.72421875 0.55694444 0.055729167 0.14722222
