0 0.930469 0.747685 0.139062 0.234259
0 0.874740 0.697222 0.077604 0.207407
0 0.795573 0.555093 0.057813 0.125000
0 0.766146 0.529630 0.038542 0.098148
0 0.743750 0.657407 0.088542 0.161111
0 0.705990 0.602315 0.058854 0.119444
0 0.686979 0.550000 0.061458 0.124074
0 0.670312 0.538426 0.034375 0.095370
0 0.653385 0.810648 0.129687 0.376852
0 0.626823 0.646759 0.040104 0.141667
0 0.609375 0.548148 0.034375 0.087037
0 0.607552 0.516204 0.034896 0.087963
0 0.567448 0.710648 0.080729 0.537963
0 0.525000 0.417593 0.065625 0.346296
0 0.447917 0.559722 0.046875 0.178704
0 0.430469 0.693981 0.075521 0.304630
0 0.404427 0.697222 0.026562 0.072222
0 0.375260 0.518519 0.056771 0.103704
0 0.367969 0.810185 0.152604 0.377778
0 0.334635 0.583796 0.053646 0.171296
0 0.310938 0.633333 0.056250 0.177778
0 0.284896 0.674537 0.077083 0.180556
0 0.266146 0.523148 0.039583 0.124074
0 0.239062 0.539815 0.058333 0.129630
0 0.188542 0.679630 0.093750 0.277778
0 0.076042 0.825000 0.151042 0.348148
