0 0.075000 0.748611 0.150000 0.237963
0 0.131771 0.695370 0.062500 0.196296
0 0.214583 0.651389 0.111458 0.360185
0 0.231250 0.544907 0.032292 0.100926
0 0.247656 0.530093 0.036979 0.097222
0 0.279427 0.658333 0.065104 0.162963
0 0.304167 0.602778 0.057292 0.120370
0 0.317448 0.553241 0.077604 0.134259
0 0.337500 0.541667 0.036458 0.096296
0 0.357552 0.814352 0.122396 0.369444
0 0.397917 0.650463 0.063542 0.139815
0 0.405469 0.548611 0.047396 0.093518
0 0.422396 0.530556 0.040625 0.111111
0 0.487760 0.420833 0.064062 0.349074
0 0.565625 0.554167 0.048958 0.162037
0 0.589583 0.696296 0.079167 0.300000
0 0.606250 0.701389 0.027083 0.087963
0 0.629167 0.517593 0.058333 0.096296
0 0.636719 0.812037 0.140104 0.374074
0 0.673437 0.597685 0.055208 0.184259
0 0.699219 0.641667 0.056771 0.198148
0 0.726823 0.702315 0.077604 0.226852
0 0.746354 0.524074 0.041667 0.127778
0 0.772917 0.541204 0.058333 0.130556
0 0.823177 0.682407 0.094271 0.279630
0 0.930729 0.825926 0.137500 0.346296
