0 0.092708333 0.70416667 0.069791667 0.18240741
0 0.13151042 0.62962963 0.0703125 0.16851852
0 0.16640625 0.93935185 0.10260417 0.11944444
0 0.259375 0.63194444 0.090625 0.13611111
0 0.33671875 0.69861111 0.072395833 0.14907407
0 0.35234375 0.54722222 0.0328125 0.087037037
0 0.36927083 0.58194444 0.060416667 0.1212963
0 0.52942708 0.62222222 0.086979167 0.25740741
0 0.65572917 0.64953704 0.077083333 0.28425926
0 0.71067708 0.54027778 0.055729167 0.13796296
0 0.80833333 0.62268519 0.10833333 0.27314815
0 0.92161458 0.82222222 0.1484375 0.3537037
