0 0.044774 0.608450 0.089548 0.132905
0 0.060459 0.771702 0.120918 0.237465
0 0.085602 0.562305 0.062939 0.137180
0 0.133401 0.671782 0.101748 0.171639
0 0.195432 0.582742 0.071351 0.127319
0 0.217960 0.558059 0.046282 0.112184
0 0.232828 0.807801 0.149924 0.308178
0 0.280937 0.674070 0.087490 0.153156
0 0.294339 0.575916 0.052947 0.082456
0 0.295260 0.614750 0.073881 0.154424
0 0.308857 0.560760 0.046741 0.109547
0 0.357848 0.441986 0.061890 0.337492
0 0.475920 0.612827 0.056747 0.181273
0 0.492951 0.646581 0.054112 0.167577
0 0.499581 0.704026 0.075416 0.234215
0 0.509728 0.763189 0.036893 0.125523
0 0.537860 0.835485 0.155121 0.316771
0 0.570783 0.578554 0.054012 0.114778
0 0.593220 0.631789 0.063426 0.168547
0 0.613037 0.697814 0.067154 0.215461
0 0.641701 0.753948 0.091246 0.234073
0 0.669195 0.578434 0.056765 0.132064
0 0.719114 0.615159 0.086496 0.172736
0 0.714775 0.840624 0.170358 0.318753
0 0.808862 0.719540 0.080708 0.146187
0 0.868954 0.858224 0.181761 0.283552
