0 0.938021 0.916204 0.123958 0.165741
0 0.921354 0.740741 0.111458 0.172222
0 0.881771 0.674074 0.081250 0.175926
0 0.801563 0.564815 0.059375 0.092593
0 0.801302 0.565741 0.058854 0.096296
0 0.780469 0.552778 0.035937 0.092593
0 0.731510 0.602778 0.060938 0.112963
0 0.700260 0.546759 0.032812 0.080556
0 0.691406 0.772222 0.108854 0.238889
0 0.670312 0.650000 0.097917 0.148148
0 0.639062 0.572222 0.038542 0.068519
0 0.525260 0.604167 0.042188 0.171296
0 0.488802 0.595370 0.056771 0.188889
0 0.445573 0.829167 0.092188 0.284259
0 0.424740 0.580093 0.047396 0.112037
0 0.376823 0.739352 0.072396 0.234259
0 0.355729 0.602778 0.017708 0.046296
0 0.323438 0.557407 0.062500 0.207407
0 0.307292 0.704167 0.082292 0.239815
0 0.188542 0.836574 0.125000 0.319444
