0 0.106456 0.626585 0.027609 0.230559
0 0.205732 0.632551 0.074837 0.195348
0 0.240754 0.564533 0.053263 0.129812
0 0.279555 0.513911 0.056962 0.122728
0 0.305759 0.494310 0.036365 0.093353
0 0.319438 0.611955 0.081376 0.159281
0 0.356453 0.567035 0.051534 0.119540
0 0.374636 0.524435 0.051931 0.129647
0 0.389137 0.513115 0.027994 0.093991
0 0.414636 0.659308 0.087327 0.232099
0 0.442582 0.561215 0.059976 0.143217
0 0.450733 0.512715 0.040036 0.108056
0 0.468508 0.406589 0.056765 0.297874
0 0.576144 0.563393 0.049837 0.188895
0 0.624725 0.678596 0.069612 0.219844
0 0.639950 0.529414 0.031664 0.108694
0 0.653733 0.530700 0.043045 0.105915
0 0.667364 0.598405 0.046464 0.181771
0 0.692322 0.604886 0.048015 0.119942
0 0.701474 0.695733 0.089264 0.213900
0 0.732507 0.541741 0.041387 0.119958
0 0.753688 0.559179 0.056584 0.124357
0 0.787826 0.638737 0.070652 0.156275
0 0.831192 0.670775 0.090262 0.183013
0 0.869870 0.839338 0.161486 0.320082
