0 0.027835 0.765791 0.055669 0.364087
0 0.058593 0.675605 0.101778 0.196253
0 0.105470 0.620731 0.077199 0.186013
0 0.131694 0.487039 0.083948 0.203170
0 0.175899 0.458425 0.045445 0.119101
0 0.199522 0.510991 0.066078 0.095351
0 0.268782 0.485111 0.063781 0.159224
0 0.279797 0.571600 0.086457 0.159054
0 0.361842 0.606388 0.098398 0.159460
0 0.548666 0.533683 0.059510 0.150614
0 0.576422 0.618388 0.080255 0.192699
0 0.634056 0.535174 0.054340 0.113761
0 0.688921 0.709268 0.084454 0.250210
0 0.904589 0.814478 0.150957 0.329588
