0 0.104526 0.695367 0.098043 0.179798
0 0.150309 0.635646 0.081752 0.184538
0 0.246808 0.532170 0.065812 0.117797
0 0.307888 0.579143 0.066786 0.116082
0 0.336990 0.532359 0.038885 0.094337
0 0.346768 0.708641 0.093096 0.169356
0 0.376940 0.627353 0.078987 0.161636
0 0.401964 0.553757 0.031080 0.074562
0 0.533791 0.602656 0.043031 0.161732
0 0.558136 0.659233 0.076253 0.189430
0 0.581650 0.825933 0.102341 0.285229
0 0.609022 0.584985 0.049211 0.112549
0 0.655090 0.749341 0.070701 0.242296
0 0.688935 0.599650 0.045181 0.098575
0 0.724842 0.708364 0.092266 0.225400
0 0.835339 0.849267 0.134440 0.301466
