0 0.065104167 0.86111111 0.13020833 0.27592593
0 0.11458333 0.73518519 0.067708333 0.16851852
0 0.17630208 0.81342593 0.1171875 0.21388889
0 0.19921875 0.61898148 0.058854167 0.1287037
0 0.25052083 0.72268519 0.088541667 0.16574074
0 0.28619792 0.66435185 0.058854167 0.12314815
0 0.30390625 0.60648148 0.072395833 0.12407407
0 0.32395833 0.47546296 0.063541667 0.31944444
0 0.34140625 0.79814815 0.1203125 0.20925926
0 0.38072917 0.70231481 0.069791667 0.15462963
0 0.390625 0.60740741 0.04375 0.090740741
0 0.4046875 0.58796296 0.038541667 0.11111111
0 0.48359375 0.64074074 0.055729167 0.32222222
0 0.54348958 0.61759259 0.071354167 0.33703704
0 0.57395833 0.74305556 0.077083333 0.28055556
0 0.60338542 0.73101852 0.0515625 0.19722222
0 0.61458333 0.8412037 0.13541667 0.31574074
0 0.62890625 0.56898148 0.0453125 0.093518519
0 0.65911458 0.62222222 0.053645833 0.13518519
0 0.68151042 0.69675926 0.0578125 0.19537037
0 0.70989583 0.78888889 0.078125 0.28888889
0 0.72864583 0.58333333 0.040625 0.12407407
0 0.753125 0.59907407 0.059375 0.13333333
0 0.78385417 0.83981481 0.15833333 0.31851852
0 0.82005208 0.65925926 0.055729167 0.12037037
0 0.921875 0.85277778 0.15520833 0.29259259
