0 0.982292 0.634722 0.035417 0.319444
0 0.935677 0.895370 0.079688 0.153704
0 0.932292 0.606944 0.050000 0.212037
0 0.887760 0.538889 0.054687 0.125926
0 0.882812 0.677315 0.061458 0.178704
0 0.803385 0.564352 0.055729 0.091667
0 0.803385 0.564815 0.055729 0.092593
0 0.726562 0.609259 0.066667 0.127778
0 0.655990 0.650463 0.076563 0.145370
0 0.536979 0.591204 0.053125 0.286111
0 0.472135 0.658333 0.070312 0.185185
0 0.428385 0.544907 0.044271 0.176852
0 0.374219 0.706019 0.071354 0.167593
0 0.200781 0.840278 0.095312 0.317593
