0 0.081770833 0.86481481 0.16354167 0.26851852
0 0.13958333 0.74814815 0.070833333 0.17407407
0 0.20989583 0.8212963 0.11770833 0.20925926
0 0.21223958 0.66064815 0.078645833 0.1712963
0 0.24401042 0.61990741 0.044270833 0.13055556
0 0.28697917 0.72546296 0.084375 0.16203704
0 0.34036458 0.62546296 0.0578125 0.1287037
0 0.36354167 0.60277778 0.036458333 0.11666667
0 0.3796875 0.85185185 0.12916667 0.29444444
0 0.42161458 0.71851852 0.0734375 0.15
0 0.43255208 0.65694444 0.063020833 0.14907407
0 0.44036458 0.60231481 0.049479167 0.10648148
0 0.46953125 0.475 0.0515625 0.34074074
0 0.603125 0.64027778 0.046875 0.17685185
0 0.62005208 0.67083333 0.047395833 0.16203704
0 0.62890625 0.7337963 0.069270833 0.23796296
0 0.65182292 0.75462963 0.0578125 0.20185185
0 0.66848958 0.85555556 0.1421875 0.28703704
0 0.69296875 0.6 0.044270833 0.11481481
0 0.71380208 0.64814815 0.053645833 0.15740741
0 0.7359375 0.51064815 0.061458333 0.20092593
0 0.73723958 0.72083333 0.058854167 0.21759259
0 0.76458333 0.81111111 0.088541667 0.30555556
0 0.79140625 0.58935185 0.053645833 0.1287037
0 0.84270833 0.85138889 0.159375 0.29537037
0 0.93385417 0.73611111 0.08125 0.16481481
0 0.95885417 0.93333333 0.08125 0.13148148
