0 0.104636 0.639278 0.101569 0.256221
0 0.149650 0.560784 0.063720 0.157168
0 0.191675 0.495086 0.057060 0.150174
0 0.219724 0.465647 0.042689 0.119393
0 0.233045 0.618386 0.084438 0.199078
0 0.269292 0.559398 0.061364 0.142315
0 0.269485 0.560469 0.061824 0.142367
0 0.283131 0.494239 0.069311 0.133820
0 0.305798 0.466826 0.046059 0.176046
0 0.331231 0.675534 0.092133 0.287478
0 0.361870 0.552898 0.063463 0.175899
0 0.372609 0.313554 0.074178 0.297985
0 0.373366 0.429706 0.064220 0.210375
0 0.498943 0.548200 0.053035 0.231016
0 0.506751 0.418296 0.038312 0.151213
0 0.555463 0.821885 0.140581 0.356229
0 0.585080 0.429642 0.035315 0.183187
0 0.589553 0.545158 0.066059 0.210580
0 0.627807 0.455406 0.051968 0.226728
0 0.625533 0.651051 0.082104 0.249885
0 0.714208 0.702938 0.106136 0.333851
