0 0.926163 0.853094 0.126782 0.154070
0 0.913324 0.698768 0.114491 0.158766
0 0.875384 0.637583 0.084533 0.159681
0 0.797954 0.536133 0.061009 0.085316
0 0.797676 0.536920 0.060570 0.088507
0 0.777236 0.524016 0.037704 0.083519
0 0.727491 0.563876 0.062996 0.103204
0 0.697610 0.512618 0.034341 0.072780
0 0.684009 0.708601 0.113320 0.216717
0 0.665635 0.600375 0.100514 0.136729
0 0.636217 0.530138 0.039781 0.062720
0 0.522380 0.549278 0.045593 0.152648
0 0.486316 0.538811 0.060468 0.169111
0 0.438357 0.739427 0.097713 0.255014
0 0.422941 0.520574 0.049511 0.101358
0 0.371907 0.655816 0.076970 0.209884
0 0.353839 0.535071 0.018593 0.041740
0 0.322696 0.493021 0.066559 0.185703
0 0.303519 0.619795 0.086928 0.215488
0 0.182624 0.726186 0.131088 0.288219
