0 0.032997 0.925349 0.065995 0.149302
0 0.069581 0.699709 0.080389 0.201104
0 0.152429 0.569215 0.067158 0.103646
0 0.196563 0.513484 0.044748 0.181722
0 0.231448 0.608588 0.081647 0.149515
0 0.253488 0.521722 0.061394 0.170261
0 0.278191 0.498197 0.037311 0.127024
0 0.307246 0.646907 0.101831 0.181492
0 0.422471 0.661720 0.086513 0.401132
0 0.491186 0.744430 0.099661 0.496627
0 0.505379 0.525787 0.029386 0.087886
0 0.536278 0.594758 0.062539 0.156742
0 0.573702 0.523624 0.054981 0.112770
0 0.636207 0.692084 0.091523 0.275824
0 0.847987 0.765172 0.156381 0.365492
