0 0.019694 0.747576 0.039388 0.171261
0 0.074235 0.670154 0.100041 0.129222
0 0.074570 0.673194 0.100711 0.135346
0 0.085495 0.813185 0.146314 0.205019
0 0.115468 0.620206 0.063103 0.135676
0 0.170661 0.714060 0.105737 0.156445
0 0.232239 0.616257 0.074193 0.114310
0 0.257679 0.594808 0.046666 0.108920
0 0.283705 0.798764 0.152473 0.220933
0 0.329734 0.699801 0.089456 0.142765
0 0.341279 0.640503 0.076923 0.143165
0 0.344859 0.589789 0.047737 0.098505
0 0.355254 0.584603 0.050816 0.106462
0 0.380717 0.464610 0.062972 0.325611
0 0.538128 0.612181 0.056948 0.170296
0 0.557604 0.641971 0.054414 0.158003
0 0.568729 0.698237 0.078474 0.223381
0 0.592863 0.717824 0.064971 0.192380
0 0.615268 0.818142 0.163465 0.291920
0 0.639193 0.568706 0.055039 0.110106
0 0.662433 0.613616 0.063929 0.154875
0 0.688897 0.678463 0.068103 0.204695
0 0.720715 0.716075 0.100963 0.206800
0 0.734636 0.555093 0.036123 0.125950
0 0.783415 0.536692 0.084263 0.258450
0 0.809009 0.804761 0.179737 0.304729
0 0.904944 0.681685 0.093205 0.156846
0 0.942117 0.808794 0.115765 0.284280
