0 0.969010 0.751852 0.061979 0.183333
0 0.900781 0.662037 0.080729 0.125926
0 0.891927 0.825926 0.129688 0.227778
0 0.861979 0.611111 0.051042 0.135185
0 0.810156 0.717593 0.101562 0.162963
0 0.759635 0.618519 0.065104 0.122222
0 0.738802 0.593056 0.041146 0.112037
0 0.716927 0.847222 0.132812 0.303704
0 0.673958 0.704630 0.073958 0.150000
0 0.659375 0.642130 0.060417 0.150926
0 0.644531 0.611574 0.022396 0.062037
0 0.591146 0.452778 0.060417 0.335185
0 0.503385 0.632407 0.073437 0.375926
0 0.476823 0.655556 0.047396 0.172222
0 0.465365 0.711111 0.067188 0.235185
0 0.440365 0.733333 0.061979 0.201852
0 0.427865 0.843056 0.141146 0.312037
0 0.397135 0.578241 0.054688 0.119444
0 0.361198 0.695370 0.055729 0.211111
0 0.332552 0.747222 0.082813 0.233333
0 0.312500 0.563889 0.053125 0.131481
0 0.261458 0.596759 0.077083 0.167593
0 0.253385 0.838426 0.156771 0.321296
0 0.173177 0.702778 0.065104 0.138889
0 0.172917 0.702315 0.065625 0.139815
0 0.120833 0.833796 0.137500 0.330556
