0 0.077604 0.739352 0.110417 0.175000
0 0.114323 0.657407 0.076563 0.144444
0 0.206510 0.562963 0.058854 0.105556
0 0.219010 0.551389 0.036979 0.091667
0 0.271615 0.599074 0.065104 0.109259
0 0.300000 0.551852 0.035417 0.092593
0 0.306771 0.750463 0.107292 0.202778
0 0.348958 0.643056 0.073958 0.143519
0 0.365104 0.568981 0.030208 0.071296
0 0.488021 0.624074 0.013542 0.092593
0 0.522396 0.613426 0.063542 0.234259
0 0.555729 0.827778 0.093750 0.285185
0 0.576823 0.578704 0.045313 0.109259
0 0.624740 0.706019 0.069271 0.167593
0 0.656510 0.585185 0.043229 0.096296
0 0.693490 0.702315 0.084896 0.243518
0 0.812240 0.837037 0.126562 0.320370
