0 0.071094 0.745370 0.142188 0.240741
0 0.131250 0.693981 0.075000 0.202778
0 0.208333 0.553704 0.057292 0.125926
0 0.238542 0.529630 0.038542 0.100000
0 0.244271 0.648611 0.056250 0.150926
0 0.282292 0.726852 0.085417 0.538889
0 0.329167 0.553704 0.040625 0.125926
0 0.350000 0.812500 0.122917 0.373148
0 0.390104 0.646296 0.064583 0.138889
0 0.397917 0.546759 0.045833 0.091667
0 0.414062 0.528241 0.042708 0.113889
0 0.481771 0.416204 0.058333 0.349074
0 0.557552 0.526389 0.047396 0.112037
0 0.575260 0.692130 0.072396 0.300926
0 0.615365 0.658333 0.060938 0.172222
0 0.619792 0.812500 0.125000 0.373148
0 0.629427 0.516667 0.058854 0.103704
0 0.669531 0.587963 0.049479 0.181481
0 0.692448 0.641667 0.057812 0.200000
0 0.717188 0.712963 0.080208 0.257407
0 0.738021 0.522222 0.039583 0.122222
0 0.763802 0.539352 0.058854 0.130556
0 0.814583 0.678704 0.092708 0.277778
0 0.926302 0.824074 0.146354 0.350000
