0 0.06328125 0.73287037 0.10885417 0.18796296
0 0.1171875 0.67546296 0.063541667 0.18055556
0 0.19661458 0.56712963 0.055729167 0.09537037
0 0.22604167 0.54351852 0.036458333 0.088888889
0 0.2546875 0.59861111 0.072916667 0.10833333
0 0.2953125 0.53518519 0.036458333 0.07962963
0 0.33359375 0.65324074 0.096354167 0.15648148
0 0.36354167 0.56527778 0.040625 0.080555556
0 0.41770833 0.64814815 0.065625 0.32037037
0 0.44817708 0.79490741 0.1203125 0.40833333
0 0.50598958 0.60555556 0.049479167 0.15925926
0 0.52942708 0.65509259 0.068229167 0.1787037
0 0.56640625 0.78611111 0.096354167 0.26111111
0 0.57526042 0.575 0.050520833 0.1037037
0 0.61171875 0.54212963 0.036979167 0.18611111
0 0.62734375 0.68842593 0.065104167 0.13796296
0 0.8140625 0.8375 0.128125 0.31944444
