0 0.021875 0.69027778 0.04375 0.33796296
0 0.11822917 0.66388889 0.082291667 0.31851852
0 0.25885417 0.55555556 0.051041667 0.14259259
0 0.31067708 0.59212963 0.0765625 0.29351852
0 0.40546875 0.75185185 0.097395833 0.49444444
0 0.41927083 0.49212963 0.044791667 0.19907407
0 0.45260417 0.70185185 0.072916667 0.37592593
0 0.45390625 0.5125 0.069270833 0.22685185
0 0.50390625 0.75740741 0.1015625 0.48333333
0 0.56536458 0.61157407 0.0578125 0.15648148
0 0.61979167 0.63425926 0.077083333 0.41851852
0 0.7484375 0.63842593 0.05625 0.44907407
