0 0.038020833 0.91666667 0.076041667 0.16481481
0 0.058072917 0.74768519 0.0703125 0.1787037
0 0.12526042 0.66851852 0.0859375 0.13333333
0 0.12552083 0.67175926 0.086458333 0.13981481
0 0.13359375 0.82083333 0.12552083 0.21203704
0 0.16171875 0.61712963 0.053645833 0.14166667
0 0.20885417 0.71898148 0.090625 0.16203704
0 0.26354167 0.61759259 0.063541667 0.11851852
0 0.2859375 0.59583333 0.039583333 0.11388889
0 0.30651042 0.81342593 0.13072917 0.2287037
0 0.34765625 0.71018519 0.0765625 0.14814815
0 0.35833333 0.64768519 0.065625 0.14907407
0 0.36197917 0.59398148 0.040625 0.10277778
0 0.37109375 0.58888889 0.043229167 0.11111111
0 0.39453125 0.4625 0.0515625 0.34351852
0 0.53020833 0.62546296 0.047916667 0.1787037
0 0.546875 0.65787037 0.045833333 0.16574074
0 0.55598958 0.71805556 0.066145833 0.23425926
0 0.57682292 0.73981481 0.0546875 0.20185185
0 0.5953125 0.84722222 0.13958333 0.3037037
0 0.61875 0.58333333 0.046875 0.11481481
0 0.63854167 0.63194444 0.054166667 0.16203704
0 0.6609375 0.70185185 0.057291667 0.21481481
0 0.68828125 0.74305556 0.0859375 0.21574074
0 0.70208333 0.57268519 0.030208333 0.13240741
0 0.74479167 0.55509259 0.070833333 0.2712963
0 0.76432292 0.84074074 0.15364583 0.31666667
0 0.84921875 0.71388889 0.0796875 0.16296296
0 0.91354167 0.85185185 0.16458333 0.29444444
