0 0.061458333 0.73287037 0.11145833 0.18796296
0 0.11770833 0.67592593 0.063541667 0.18148148
0 0.19713542 0.56527778 0.056770833 0.091666667
0 0.22083333 0.54444444 0.042708333 0.1
0 0.26015625 0.59861111 0.040104167 0.10833333
0 0.29427083 0.53935185 0.030208333 0.076851852
0 0.31484375 0.64351852 0.091145833 0.32777778
0 0.36510417 0.56666667 0.03125 0.077777778
0 0.36848958 0.68055556 0.019270833 0.068518519
0 0.46640625 0.71851852 0.072395833 0.43703704
0 0.51354167 0.5662037 0.035416667 0.080555556
0 0.53255208 0.6587963 0.0640625 0.18425926
0 0.55885417 0.79583333 0.083333333 0.2212963
0 0.575 0.57685185 0.047916667 0.10740741
0 0.57526042 0.575 0.047395833 0.1037037
0 0.62786458 0.74351852 0.0671875 0.24444444
0 0.65260417 0.58240741 0.041666667 0.10185185
0 0.821875 0.83009259 0.14583333 0.31574074
