0 0.895274 0.771288 0.094261 0.175955
0 0.851320 0.705318 0.074692 0.183911
0 0.765105 0.589305 0.059108 0.101334
0 0.746616 0.573924 0.033292 0.102606
0 0.696102 0.627897 0.065431 0.118297
0 0.671697 0.573594 0.035283 0.092375
0 0.664535 0.775768 0.105308 0.203304
0 0.617541 0.666269 0.058879 0.140568
0 0.612956 0.586722 0.034691 0.082084
0 0.470325 0.625014 0.040955 0.161643
0 0.444618 0.678159 0.072136 0.187589
0 0.412381 0.847043 0.098684 0.286302
0 0.395625 0.594782 0.048831 0.108571
0 0.347128 0.761421 0.071030 0.248291
0 0.315485 0.601809 0.043590 0.098173
0 0.269176 0.716628 0.086012 0.248638
0 0.159934 0.844660 0.127385 0.310680
