0 0.061197917 0.73240741 0.11302083 0.18888889
0 0.11744792 0.67546296 0.063020833 0.18240741
0 0.19635417 0.56527778 0.057291667 0.091666667
0 0.23203125 0.55185185 0.050520833 0.10740741
0 0.26276042 0.59907407 0.0484375 0.10925926
0 0.29713542 0.53842593 0.0359375 0.075
0 0.328125 0.67962963 0.098958333 0.25925926
0 0.36432292 0.5662037 0.030729167 0.076851852
0 0.50130208 0.60509259 0.041145833 0.16018519
0 0.50885417 0.68981481 0.036458333 0.12407407
0 0.50885417 0.74537037 0.036458333 0.23518519
0 0.54921875 0.60092593 0.069270833 0.22222222
0 0.54947917 0.60925926 0.06875 0.24074074
0 0.55260417 0.82777778 0.09375 0.30185185
0 0.58541667 0.57361111 0.029166667 0.10092593
0 0.62760417 0.74398148 0.065625 0.24351852
0 0.65052083 0.58055556 0.048958333 0.1037037
0 0.81223958 0.82777778 0.12447917 0.33703704
