0 0.087152 0.704199 0.095335 0.167986
0 0.131463 0.648794 0.078790 0.170778
0 0.220475 0.523941 0.035297 0.055738
0 0.225743 0.552984 0.063912 0.106644
0 0.285343 0.594050 0.066026 0.110226
0 0.313887 0.550485 0.037229 0.089019
0 0.323956 0.716458 0.090460 0.155671
0 0.353485 0.646531 0.077110 0.164687
0 0.377625 0.570159 0.030673 0.070614
0 0.507196 0.616088 0.041504 0.152222
0 0.530560 0.677008 0.073393 0.194077
0 0.555275 0.825923 0.099711 0.271101
0 0.580894 0.596110 0.047612 0.100119
0 0.626435 0.751546 0.068808 0.228484
0 0.658936 0.611067 0.043360 0.092105
0 0.694787 0.714462 0.089472 0.210771
0 0.803244 0.851172 0.130401 0.297657
