0 0.070312 0.751389 0.140625 0.237963
0 0.129167 0.698611 0.071875 0.206481
0 0.188021 0.614352 0.086458 0.137963
0 0.211719 0.545370 0.045312 0.107407
0 0.235417 0.533796 0.038542 0.099074
0 0.256771 0.657407 0.087500 0.159259
0 0.297396 0.606944 0.061458 0.121296
0 0.317448 0.553704 0.053646 0.124074
0 0.371615 0.688426 0.092188 0.228704
0 0.395312 0.551389 0.043750 0.087963
0 0.405469 0.523611 0.043229 0.095370
0 0.447917 0.603241 0.076042 0.386111
0 0.459635 0.362963 0.057813 0.233333
0 0.556250 0.549537 0.051042 0.156482
0 0.620313 0.693981 0.075000 0.228704
0 0.630208 0.503704 0.059375 0.164815
0 0.668229 0.595833 0.055208 0.193519
0 0.691146 0.652778 0.062500 0.212963
0 0.711979 0.717130 0.085417 0.260185
0 0.734635 0.523148 0.039062 0.118519
0 0.762760 0.541667 0.058854 0.131481
0 0.810938 0.625926 0.088542 0.164815
0 0.842708 0.668519 0.136458 0.229630
0 0.924740 0.825926 0.149479 0.346296
