0 0.070573 0.750463 0.141146 0.236111
0 0.130208 0.695833 0.072917 0.208333
0 0.215104 0.552315 0.076042 0.258333
0 0.258073 0.661574 0.088021 0.163889
0 0.301042 0.611574 0.058333 0.130556
0 0.318490 0.554630 0.053646 0.124074
0 0.373177 0.701852 0.093229 0.250000
0 0.396354 0.552315 0.044792 0.089815
0 0.407552 0.525000 0.042188 0.096296
0 0.458333 0.368519 0.055208 0.242593
0 0.481250 0.627778 0.100000 0.442593
0 0.552083 0.552778 0.038542 0.159259
0 0.591146 0.477778 0.056250 0.207407
0 0.621875 0.695370 0.076042 0.229630
0 0.638021 0.518981 0.044792 0.102778
0 0.670573 0.592130 0.055729 0.182407
0 0.691927 0.651389 0.063021 0.217593
0 0.712240 0.717130 0.085938 0.262037
0 0.736719 0.525463 0.040104 0.121296
0 0.763542 0.543056 0.059375 0.130556
0 0.794010 0.717130 0.056771 0.210185
0 0.839063 0.649537 0.122917 0.195370
0 0.925260 0.826852 0.148438 0.344445
