0 0.176617 0.824190 0.102684 0.174463
0 0.207224 0.756271 0.078338 0.174146
0 0.273009 0.645283 0.053040 0.099439
0 0.288268 0.631252 0.035366 0.090757
0 0.333973 0.671022 0.056256 0.111026
0 0.358374 0.614015 0.029309 0.075322
0 0.376401 0.861726 0.104899 0.276547
0 0.386420 0.706294 0.090987 0.152190
0 0.410412 0.631593 0.037123 0.072252
0 0.510938 0.709303 0.067109 0.316648
0 0.526224 0.580069 0.020466 0.066286
0 0.545621 0.614342 0.040240 0.100038
0 0.587523 0.839619 0.091711 0.267508
0 0.594855 0.611129 0.045280 0.112758
0 0.643006 0.752298 0.072858 0.225363
0 0.641641 0.580574 0.067221 0.191218
0 0.670775 0.593433 0.028293 0.072606
0 0.700434 0.709719 0.081659 0.233539
0 0.807990 0.816667 0.120940 0.313802
