0 0.05 0.85416667 0.1 0.28981481
0 0.08046875 0.73564815 0.099479167 0.18425926
0 0.15104167 0.78287037 0.082291667 0.21203704
0 0.21171875 0.58194444 0.0734375 0.19537037
0 0.30494792 0.64861111 0.1109375 0.275
0 0.30859375 0.80509259 0.090104167 0.18796296
0 0.36171875 0.62314815 0.0734375 0.15
0 0.52317708 0.62314815 0.091145833 0.26666667
0 0.553125 0.76018519 0.091666667 0.33703704
0 0.60338542 0.82731481 0.11822917 0.34351852
0 0.67109375 0.66527778 0.091145833 0.21574074
0 0.77890625 0.83425926 0.1171875 0.32962963
