0 0.919540 0.708859 0.101806 0.188005
0 0.883090 0.641660 0.076839 0.188559
0 0.807457 0.538721 0.050882 0.108803
0 0.790142 0.524481 0.033378 0.100498
0 0.748571 0.578738 0.056229 0.120758
0 0.721210 0.525581 0.033868 0.086218
0 0.722444 0.793835 0.105130 0.332515
0 0.694317 0.636570 0.083201 0.157634
0 0.667537 0.556474 0.036664 0.073107
0 0.558405 0.635228 0.057368 0.314724
0 0.527617 0.574226 0.035452 0.109285
0 0.527417 0.575205 0.035908 0.109327
0 0.506322 0.837365 0.089742 0.303396
0 0.479648 0.581547 0.044331 0.117746
0 0.442283 0.717029 0.068360 0.178224
0 0.394361 0.585601 0.087637 0.169504
0 0.381833 0.719264 0.079286 0.256589
0 0.281111 0.847806 0.119958 0.304389
