0 0.079166667 0.74166667 0.11145833 0.17407407
0 0.11901042 0.67361111 0.077604167 0.17685185
0 0.2078125 0.56574074 0.058333333 0.10555556
0 0.21927083 0.54907407 0.036458333 0.096296296
0 0.27135417 0.6037037 0.067708333 0.11851852
0 0.29973958 0.55231481 0.034895833 0.093518519
0 0.30416667 0.76759259 0.115625 0.24814815
0 0.35338542 0.64722222 0.0609375 0.14814815
0 0.3640625 0.56898148 0.03125 0.071296296
0 0.44036458 0.71898148 0.084895833 0.48796296
0 0.48072917 0.51435185 0.039583333 0.13240741
0 0.5109375 0.61898148 0.05625 0.18425926
0 0.55572917 0.82824074 0.094791667 0.28611111
0 0.57604167 0.57916667 0.046875 0.11018519
0 0.62838542 0.71574074 0.063020833 0.18703704
0 0.65729167 0.58703704 0.042708333 0.094444444
0 0.69401042 0.70416667 0.0859375 0.24166667
0 0.81302083 0.83842593 0.128125 0.3212963
