0 0.034895833 0.73935185 0.069791667 0.18611111
0 0.1 0.65833333 0.072916667 0.12777778
0 0.10234375 0.825 0.11927083 0.22962963
0 0.13333333 0.60185185 0.054166667 0.12222222
0 0.18828125 0.7125 0.10260417 0.16018519
0 0.240625 0.61759259 0.063541667 0.12407407
0 0.259375 0.59027778 0.040625 0.11574074
0 0.28177083 0.84444444 0.13229167 0.3037037
0 0.3234375 0.70509259 0.06875 0.14907407
0 0.33515625 0.42731481 0.047395833 0.27685185
0 0.33697917 0.58842593 0.041666667 0.11203704
0 0.340625 0.64305556 0.077083333 0.14907407
0 0.3484375 0.58101852 0.05 0.09537037
0 0.50520833 0.6212963 0.044791667 0.17592593
0 0.5234375 0.6537037 0.044791667 0.16666667
0 0.53255208 0.71574074 0.066145833 0.24074074
0 0.55677083 0.74768519 0.060416667 0.225
0 0.575 0.84675926 0.15208333 0.30462963
0 0.57578125 0.50555556 0.066145833 0.2
0 0.60052083 0.57916667 0.053125 0.11203704
0 0.64140625 0.65092593 0.0546875 0.12222222
0 0.66822917 0.72777778 0.079166667 0.18703704
0 0.68619792 0.56851852 0.052604167 0.12777778
0 0.73828125 0.6 0.077604167 0.16851852
0 0.74270833 0.83888889 0.15520833 0.32037037
0 0.82473958 0.70648148 0.077604167 0.16111111
0 0.88515625 0.85 0.16614583 0.29814815
