0 0.078646 0.741204 0.110417 0.173148
0 0.117969 0.673148 0.081771 0.175926
0 0.200781 0.567130 0.054688 0.100926
0 0.220052 0.551852 0.034896 0.094444
0 0.269271 0.600463 0.060417 0.112037
0 0.298698 0.546759 0.035937 0.080556
0 0.306250 0.805556 0.109375 0.312963
0 0.333073 0.651389 0.090104 0.145370
0 0.360938 0.571759 0.039583 0.067593
0 0.488021 0.637963 0.055208 0.300000
0 0.521094 0.576389 0.036979 0.102778
0 0.521354 0.577315 0.037500 0.102778
0 0.554167 0.828241 0.092708 0.286111
0 0.576042 0.579167 0.046875 0.110185
0 0.623177 0.706481 0.072396 0.166667
0 0.673437 0.575463 0.094792 0.156482
0 0.692187 0.703241 0.082292 0.241667
0 0.811979 0.836574 0.126042 0.321296
