0 0.078645833 0.7412037 0.11041667 0.17314815
0 0.11796875 0.67314815 0.081770833 0.17592593
0 0.20078125 0.56712963 0.0546875 0.10092593
0 0.22005208 0.55185185 0.034895833 0.094444444
0 0.26927083 0.60046296 0.060416667 0.11203704
0 0.29869792 0.54675926 0.0359375 0.080555556
0 0.30625 0.80555556 0.109375 0.31296296
0 0.33307292 0.65138889 0.090104167 0.14537037
0 0.3609375 0.57175926 0.039583333 0.067592593
0 0.48802083 0.63796296 0.055208333 0.3
0 0.52109375 0.57638889 0.036979167 0.10277778
0 0.52135417 0.57731481 0.0375 0.10277778
0 0.55416667 0.82824074 0.092708333 0.28611111
0 0.57604167 0.57916667 0.046875 0.11018519
0 0.62317708 0.70648148 0.072395833 0.16666667
0 0.6734375 0.57546296 0.094791667 0.15648148
0 0.6921875 0.70324074 0.082291667 0.24166667
0 0.81197917 0.83657407 0.12604167 0.3212963
