0 0.920833 0.741667 0.111458 0.174074
0 0.880990 0.673611 0.077604 0.176852
0 0.792187 0.565741 0.058333 0.105556
0 0.780729 0.549074 0.036458 0.096296
0 0.728646 0.603704 0.067708 0.118518
0 0.700260 0.552315 0.034896 0.093518
0 0.695833 0.767593 0.115625 0.248148
0 0.646615 0.647222 0.060938 0.148148
0 0.635938 0.568981 0.031250 0.071296
0 0.559635 0.718982 0.084896 0.487963
0 0.519271 0.514352 0.039583 0.132407
0 0.489062 0.618981 0.056250 0.184259
0 0.444271 0.828241 0.094792 0.286111
0 0.423958 0.579167 0.046875 0.110185
0 0.371615 0.715741 0.063021 0.187037
0 0.342708 0.587037 0.042708 0.094444
0 0.305990 0.704167 0.085938 0.241667
0 0.186979 0.838426 0.128125 0.321296
