0 0.073958 0.756019 0.141667 0.232407
0 0.141927 0.687037 0.058854 0.164815
0 0.223958 0.763889 0.159375 0.216667
0 0.224479 0.564815 0.057292 0.122222
0 0.255208 0.541204 0.046875 0.095370
0 0.275521 0.670370 0.088542 0.164815
0 0.312240 0.613426 0.059896 0.121296
0 0.329167 0.567130 0.065625 0.125000
0 0.344531 0.551852 0.039062 0.101852
0 0.363802 0.820833 0.120313 0.356482
0 0.404427 0.658796 0.067187 0.143519
0 0.412240 0.559259 0.045313 0.092593
0 0.428906 0.540741 0.041146 0.111111
0 0.483333 0.430556 0.078125 0.346296
0 0.569792 0.583333 0.045833 0.201852
0 0.594531 0.708333 0.082813 0.296296
0 0.615104 0.713889 0.030208 0.079630
0 0.634896 0.528241 0.084375 0.100926
0 0.642969 0.817130 0.141146 0.363889
0 0.684115 0.606481 0.052604 0.194444
0 0.707552 0.655556 0.057812 0.196296
0 0.732813 0.728241 0.077083 0.262037
0 0.753385 0.537500 0.041146 0.123148
0 0.780208 0.553704 0.058333 0.131481
0 0.830990 0.693519 0.097396 0.277778
0 0.933854 0.830556 0.131250 0.337037
