0 0.931771 0.738426 0.101042 0.178704
0 0.888281 0.675463 0.077604 0.180556
0 0.796615 0.560648 0.060937 0.102778
0 0.776302 0.547222 0.034896 0.101852
0 0.726563 0.603241 0.067708 0.117593
0 0.701302 0.550926 0.034896 0.096296
0 0.693750 0.748148 0.100000 0.194444
0 0.649479 0.644444 0.061458 0.140741
0 0.640625 0.563426 0.034375 0.080556
0 0.494531 0.567593 0.036979 0.085185
0 0.473177 0.659722 0.072396 0.187963
0 0.443750 0.821296 0.093750 0.272222
0 0.423698 0.576852 0.047396 0.107407
0 0.375521 0.743056 0.070833 0.243518
0 0.343229 0.585185 0.042708 0.096296
0 0.297917 0.702315 0.089583 0.228704
0 0.188021 0.836574 0.126042 0.321296
