0 0.964844 0.737500 0.070312 0.187963
0 0.900260 0.657407 0.073438 0.129630
0 0.898437 0.819907 0.119792 0.226852
0 0.864844 0.607407 0.057813 0.137037
0 0.811198 0.712500 0.100521 0.162037
0 0.759635 0.614815 0.063021 0.120370
0 0.740625 0.589815 0.040625 0.118518
0 0.718750 0.845370 0.132292 0.307407
0 0.706510 0.452778 0.043229 0.327778
0 0.677083 0.704167 0.068750 0.150926
0 0.659896 0.604167 0.035417 0.078704
0 0.659635 0.642130 0.076563 0.149074
0 0.657813 0.580556 0.046875 0.100000
0 0.494792 0.634722 0.044792 0.206481
0 0.476302 0.652315 0.045313 0.163889
0 0.468229 0.712500 0.065625 0.237963
0 0.442969 0.747222 0.059896 0.224074
0 0.433594 0.507870 0.054688 0.202778
0 0.425521 0.847222 0.151042 0.303704
0 0.401042 0.577778 0.055208 0.111111
0 0.360417 0.652778 0.052083 0.124074
0 0.332292 0.729630 0.079167 0.185185
0 0.314583 0.569907 0.052083 0.126852
0 0.261719 0.601852 0.076563 0.168519
0 0.257552 0.839352 0.155729 0.319444
0 0.176042 0.709722 0.077083 0.163889
0 0.115104 0.851389 0.165625 0.295370
