0 0.926527 0.947750 0.073620 0.104499
0 0.916776 0.808006 0.069270 0.193566
0 0.861951 0.717906 0.080793 0.148462
0 0.861578 0.721231 0.081541 0.155238
0 0.847778 0.874650 0.118794 0.234752
0 0.832585 0.660283 0.053092 0.153196
0 0.786965 0.760081 0.086175 0.178756
0 0.744021 0.648474 0.060645 0.130416
0 0.725536 0.623235 0.039601 0.122730
0 0.697750 0.846110 0.124081 0.252642
0 0.666666 0.734219 0.073315 0.162675
0 0.660224 0.668200 0.063846 0.162313
0 0.659496 0.612140 0.040001 0.111348
0 0.651801 0.605766 0.042645 0.120293
0 0.637169 0.472039 0.060461 0.361999
0 0.511775 0.624442 0.049795 0.190863
0 0.495809 0.655995 0.047394 0.177186
0 0.485145 0.717227 0.068173 0.250601
0 0.466040 0.737249 0.056735 0.215654
0 0.445077 0.840282 0.135191 0.319436
0 0.436698 0.570123 0.045983 0.124569
0 0.417276 0.618081 0.054472 0.174356
0 0.394622 0.687780 0.059589 0.229394
0 0.368970 0.727154 0.084541 0.233810
0 0.364717 0.549038 0.032290 0.140778
0 0.328379 0.525663 0.073934 0.289525
0 0.298403 0.819147 0.148009 0.346509
0 0.230349 0.677523 0.076706 0.178395
0 0.168141 0.812646 0.156510 0.324814
