0 0.052344 0.873611 0.104687 0.250926
0 0.090885 0.762963 0.064063 0.175926
0 0.154948 0.835648 0.117188 0.206481
0 0.171354 0.635185 0.042708 0.118518
0 0.232031 0.745833 0.089063 0.169444
0 0.234896 0.601852 0.090625 0.238889
0 0.269792 0.686111 0.057292 0.118518
0 0.321354 0.858333 0.122917 0.281482
0 0.357292 0.489352 0.052083 0.306481
0 0.363802 0.731481 0.070312 0.146296
0 0.371094 0.634259 0.046354 0.087037
0 0.384896 0.608333 0.041667 0.107407
0 0.519271 0.650463 0.035417 0.204630
0 0.546875 0.634259 0.064583 0.246296
0 0.561979 0.742130 0.061458 0.230556
0 0.586979 0.740278 0.053125 0.173148
0 0.597396 0.852778 0.134375 0.292593
0 0.611198 0.598148 0.041146 0.105556
0 0.643750 0.644444 0.057292 0.135185
0 0.667188 0.720370 0.061458 0.196296
0 0.693750 0.813426 0.078125 0.286111
0 0.713542 0.605556 0.038542 0.125926
0 0.738281 0.621296 0.055729 0.131482
0 0.763021 0.851852 0.151042 0.294444
0 0.807031 0.679630 0.061979 0.120370
0 0.905729 0.862037 0.156250 0.274074
