0 0.885417 0.696759 0.104167 0.206481
0 0.834635 0.619907 0.059896 0.134259
0 0.793229 0.556944 0.056250 0.126852
0 0.762500 0.532870 0.038542 0.099074
0 0.741406 0.661111 0.089063 0.168519
0 0.704427 0.604167 0.066146 0.121296
0 0.688281 0.555556 0.061979 0.131481
0 0.672135 0.542130 0.038021 0.099074
0 0.668750 0.424074 0.066667 0.335185
0 0.626563 0.700000 0.094792 0.244444
0 0.598437 0.590741 0.063542 0.150000
0 0.589063 0.533796 0.035417 0.113889
0 0.441667 0.527315 0.048958 0.115741
0 0.377865 0.658333 0.071354 0.170370
0 0.368490 0.522222 0.026562 0.098148
0 0.353646 0.527778 0.044792 0.114815
0 0.331771 0.580556 0.050000 0.162963
0 0.310938 0.651389 0.061458 0.217593
0 0.287500 0.700926 0.088542 0.227778
0 0.263021 0.525463 0.040625 0.119444
0 0.235937 0.537963 0.057292 0.122222
0 0.192187 0.631019 0.078125 0.175000
0 0.143229 0.649074 0.097917 0.196296
0 0.087240 0.818519 0.173437 0.346296
