0 0.0546875 0.83518519 0.109375 0.24074074
0 0.10078125 0.72962963 0.0671875 0.17037037
0 0.17005208 0.79953704 0.1171875 0.20648148
0 0.19270833 0.60509259 0.060416667 0.13240741
0 0.2453125 0.71064815 0.089583333 0.1712963
0 0.28307292 0.65138889 0.0578125 0.11944444
0 0.33671875 0.83842593 0.1234375 0.31388889
0 0.35885417 0.53472222 0.044791667 0.19537037
0 0.378125 0.69583333 0.069791667 0.14537037
0 0.38802083 0.63842593 0.072916667 0.14351852
0 0.39192708 0.59953704 0.031770833 0.071296296
0 0.40442708 0.45601852 0.058854167 0.32685185
0 0.53255208 0.56111111 0.0390625 0.10555556
0 0.5328125 0.56111111 0.039583333 0.1037037
0 0.55442708 0.59722222 0.046354167 0.13148148
0 0.56041667 0.64490741 0.05625 0.16388889
0 0.57708333 0.70740741 0.0625 0.22962963
0 0.60651042 0.71527778 0.0578125 0.20833333
0 0.61302083 0.8375 0.13854167 0.32314815
0 0.62838542 0.55740741 0.044270833 0.1
0 0.659375 0.60694444 0.054166667 0.13611111
0 0.68645833 0.64722222 0.05 0.12037037
0 0.71015625 0.77777778 0.078645833 0.29444444
0 0.73932292 0.58796296 0.059895833 0.12777778
0 0.74947917 0.55694444 0.045833333 0.10833333
0 0.77916667 0.83518519 0.14791667 0.32777778
0 0.79817708 0.71388889 0.10364583 0.25740741
0 0.92265625 0.8462963 0.15364583 0.30555556
