0 0.065104 0.861111 0.130208 0.275926
0 0.114583 0.735185 0.067708 0.168519
0 0.176302 0.813426 0.117188 0.213889
0 0.199219 0.618981 0.058854 0.128704
0 0.250521 0.722685 0.088542 0.165741
0 0.286198 0.664352 0.058854 0.123148
0 0.303906 0.606481 0.072396 0.124074
0 0.323958 0.475463 0.063542 0.319444
0 0.341406 0.798148 0.120313 0.209259
0 0.380729 0.702315 0.069792 0.154630
0 0.390625 0.607407 0.043750 0.090741
0 0.404687 0.587963 0.038542 0.111111
0 0.483594 0.640741 0.055729 0.322222
0 0.543490 0.617593 0.071354 0.337037
0 0.573958 0.743056 0.077083 0.280555
0 0.603385 0.731019 0.051563 0.197222
0 0.614583 0.841204 0.135417 0.315741
0 0.628906 0.568981 0.045313 0.093518
0 0.659115 0.622222 0.053646 0.135185
0 0.681510 0.696759 0.057812 0.195370
0 0.709896 0.788889 0.078125 0.288889
0 0.728646 0.583333 0.040625 0.124074
0 0.753125 0.599074 0.059375 0.133333
0 0.783854 0.839815 0.158333 0.318519
0 0.820052 0.659259 0.055729 0.120370
0 0.921875 0.852778 0.155208 0.292593
