0 0.135156 0.651858 0.093926 0.164881
0 0.177520 0.602595 0.071699 0.166641
0 0.259218 0.517419 0.056579 0.086157
0 0.291409 0.504820 0.043828 0.094014
0 0.325567 0.560099 0.069434 0.114321
0 0.354257 0.509370 0.042225 0.090594
0 0.389391 0.610126 0.085878 0.146977
0 0.409128 0.505542 0.058251 0.135995
0 0.487968 0.565720 0.061875 0.242112
0 0.532524 0.766143 0.147579 0.351458
0 0.546758 0.567691 0.045953 0.098306
0 0.577381 0.579978 0.026582 0.042845
0 0.596785 0.687083 0.080374 0.210236
0 0.618264 0.570592 0.040692 0.088784
0 0.654181 0.726919 0.073581 0.221309
0 0.826997 0.831938 0.131518 0.294049
