0 0.967188 0.750463 0.065625 0.184259
0 0.900521 0.662963 0.081250 0.124074
0 0.900260 0.662500 0.081771 0.126852
0 0.891667 0.826389 0.129167 0.228704
0 0.860938 0.612037 0.053125 0.135185
0 0.809896 0.718056 0.101042 0.160185
0 0.809896 0.719907 0.102083 0.163889
0 0.759375 0.619444 0.064583 0.122222
0 0.740104 0.592593 0.042708 0.111111
0 0.716927 0.847222 0.132812 0.303704
0 0.678385 0.706481 0.079687 0.150000
0 0.677865 0.706481 0.080729 0.150000
0 0.664583 0.551852 0.022917 0.037037
0 0.664062 0.641204 0.063542 0.152778
0 0.654687 0.587500 0.042708 0.106481
0 0.602083 0.453241 0.063542 0.336111
0 0.494531 0.637963 0.045313 0.214815
0 0.494010 0.600000 0.044271 0.138889
0 0.479427 0.664815 0.048437 0.192593
0 0.477604 0.653704 0.044792 0.168519
0 0.465885 0.714815 0.066146 0.240741
0 0.460417 0.669907 0.056250 0.152778
0 0.441146 0.732870 0.061458 0.199074
0 0.427865 0.842593 0.141146 0.312963
0 0.409635 0.575926 0.078646 0.242593
0 0.360937 0.693981 0.059375 0.212037
0 0.330990 0.747685 0.079687 0.234259
0 0.311198 0.564352 0.050521 0.130556
0 0.261979 0.597222 0.078125 0.168519
0 0.253906 0.835185 0.154688 0.327778
0 0.177344 0.702778 0.081771 0.153704
0 0.112500 0.845833 0.162500 0.306481
