0 0.033854167 0.74814815 0.067708333 0.17592593
0 0.099479167 0.66527778 0.08125 0.13055556
0 0.10833333 0.82592593 0.12916667 0.22777778
0 0.13932292 0.60972222 0.049479167 0.13425926
0 0.19010417 0.71805556 0.10104167 0.16574074
0 0.240625 0.61805556 0.064583333 0.12314815
0 0.25989583 0.59166667 0.042708333 0.11296296
0 0.28307292 0.84675926 0.1328125 0.29907407
0 0.32005208 0.70648148 0.0828125 0.15
0 0.33645833 0.55324074 0.023958333 0.041666667
0 0.34114583 0.64259259 0.059375 0.15
0 0.39739583 0.45277778 0.064583333 0.33518519
0 0.52005208 0.65972222 0.041145833 0.15648148
0 0.5328125 0.54444444 0.073958333 0.19259259
0 0.534375 0.71157407 0.067708333 0.23611111
0 0.54583333 0.77083333 0.034375 0.125
0 0.57213542 0.84305556 0.1421875 0.31203704
0 0.60338542 0.57916667 0.053645833 0.1212963
0 0.63880208 0.69444444 0.055729167 0.21296296
0 0.66744792 0.74722222 0.081770833 0.23148148
0 0.69010417 0.56388889 0.05 0.13333333
0 0.73880208 0.59675926 0.077604167 0.16944444
0 0.74661458 0.83935185 0.1578125 0.31944444
0 0.83333333 0.70092593 0.061458333 0.15185185
0 0.8875 0.84583333 0.1625 0.30648148
