0 0.03515625 0.74074074 0.0703125 0.18888889
0 0.1 0.6587963 0.073958333 0.12685185
0 0.10286458 0.82685185 0.1203125 0.23148148
0 0.13359375 0.60324074 0.0546875 0.12314815
0 0.18880208 0.71805556 0.1015625 0.16944444
0 0.24114583 0.61851852 0.0625 0.12592593
0 0.25989583 0.59074074 0.039583333 0.11666667
0 0.28203125 0.84490741 0.1328125 0.30462963
0 0.31822917 0.60833333 0.033333333 0.081481481
0 0.32369792 0.70509259 0.068229167 0.14907407
0 0.34036458 0.64351852 0.077604167 0.14814815
0 0.34322917 0.57453704 0.05 0.084259259
0 0.37421875 0.45601852 0.059895833 0.33796296
0 0.5046875 0.62175926 0.044791667 0.18055556
0 0.52421875 0.65231481 0.0453125 0.16574074
0 0.53411458 0.71157407 0.0671875 0.23425926
0 0.5578125 0.74768519 0.060416667 0.225
0 0.559375 0.50694444 0.063541667 0.19907407
0 0.57552083 0.84675926 0.15104167 0.30462963
0 0.60286458 0.5787037 0.0484375 0.11111111
0 0.64088542 0.65092593 0.052604167 0.12222222
0 0.66822917 0.72731481 0.080208333 0.18796296
0 0.68619792 0.56805556 0.0515625 0.12685185
0 0.73828125 0.59953704 0.077604167 0.16759259
0 0.74322917 0.83842593 0.153125 0.3212963
0 0.82473958 0.70601852 0.077604167 0.16203704
0 0.88541667 0.84907407 0.165625 0.3
