0 0.851704 0.656144 0.098216 0.201234
0 0.805737 0.582477 0.055177 0.126856
0 0.805490 0.582034 0.055670 0.126006
0 0.762870 0.524113 0.056676 0.126041
0 0.737746 0.498926 0.036684 0.090641
0 0.716798 0.619755 0.086724 0.161792
0 0.680440 0.564222 0.062604 0.116704
0 0.680179 0.565081 0.063107 0.116721
0 0.671389 0.518323 0.063734 0.128022
0 0.650646 0.506313 0.042775 0.096058
0 0.606515 0.654119 0.092071 0.236592
0 0.580293 0.545974 0.064419 0.144530
0 0.574270 0.362125 0.061783 0.270242
0 0.572551 0.495345 0.038393 0.108920
0 0.428550 0.485556 0.048943 0.108420
0 0.371810 0.636396 0.062813 0.226897
0 0.361487 0.477577 0.031182 0.093052
0 0.354338 0.761253 0.143356 0.329476
0 0.327747 0.481178 0.061051 0.249394
0 0.300769 0.555778 0.055728 0.131214
0 0.285366 0.629913 0.076892 0.227387
0 0.262759 0.513212 0.023582 0.087582
0 0.228984 0.634028 0.095659 0.470971
0 0.162057 0.545305 0.052529 0.114618
