0 0.02421875 0.67638889 0.0484375 0.36388889
0 0.26302083 0.63287037 0.065625 0.15462963
0 0.28255208 0.53611111 0.078645833 0.19074074
0 0.346875 0.74166667 0.092708333 0.25
0 0.4015625 0.5212963 0.05 0.21666667
0 0.49869792 0.625 0.038020833 0.16851852
0 0.53802083 0.73518519 0.070833333 0.52777778
0 0.5671875 0.58611111 0.057291667 0.12407407
0 0.5984375 0.53472222 0.063541667 0.11203704
0 0.65 0.66574074 0.080208333 0.35185185
0 0.70833333 0.57824074 0.040625 0.17685185
0 0.74479167 0.66342593 0.069791667 0.48240741
