0 0.03515625 0.7375 0.0703125 0.18796296
0 0.099739583 0.65740741 0.0734375 0.12962963
0 0.1015625 0.81990741 0.11979167 0.22685185
0 0.13515625 0.60740741 0.0578125 0.13703704
0 0.18880208 0.7125 0.10052083 0.16203704
0 0.24036458 0.61481481 0.063020833 0.12037037
0 0.259375 0.58981481 0.040625 0.11851852
0 0.28125 0.84537037 0.13229167 0.30740741
0 0.29348958 0.45277778 0.043229167 0.32777778
0 0.32291667 0.70416667 0.06875 0.15092593
0 0.34010417 0.60416667 0.035416667 0.078703704
0 0.34036458 0.64212963 0.0765625 0.14907407
0 0.3421875 0.58055556 0.046875 0.1
0 0.50520833 0.63472222 0.044791667 0.20648148
0 0.52369792 0.65231481 0.0453125 0.16388889
0 0.53177083 0.7125 0.065625 0.23796296
0 0.55703125 0.74722222 0.059895833 0.22407407
0 0.56640625 0.50787037 0.0546875 0.20277778
0 0.57447917 0.84722222 0.15104167 0.3037037
0 0.59895833 0.57777778 0.055208333 0.11111111
0 0.63958333 0.65277778 0.052083333 0.12407407
0 0.66770833 0.72962963 0.079166667 0.18518519
0 0.68541667 0.56990741 0.052083333 0.12685185
0 0.73828125 0.60185185 0.0765625 0.16851852
0 0.74244792 0.83935185 0.15572917 0.31944444
0 0.82395833 0.70972222 0.077083333 0.16388889
0 0.88489583 0.85138889 0.165625 0.29537037
