0 0.885417 0.691204 0.105208 0.217593
0 0.837760 0.617593 0.066146 0.133333
0 0.792969 0.555556 0.058854 0.127778
0 0.762500 0.526852 0.043750 0.101852
0 0.741406 0.660185 0.088021 0.168519
0 0.702865 0.604630 0.064062 0.120370
0 0.702604 0.605556 0.064583 0.120370
0 0.689844 0.545833 0.073438 0.112037
0 0.665365 0.519444 0.045313 0.151852
0 0.628385 0.700926 0.093229 0.246296
0 0.598698 0.589815 0.065104 0.150000
0 0.596094 0.377778 0.072396 0.257407
0 0.590625 0.480093 0.064583 0.180556
0 0.444271 0.572222 0.051042 0.200000
0 0.440625 0.456944 0.037500 0.130556
0 0.368750 0.827778 0.143750 0.342593
0 0.351823 0.459259 0.032812 0.159259
0 0.342188 0.560648 0.066667 0.180556
0 0.302604 0.477778 0.050000 0.196296
0 0.297396 0.650463 0.083333 0.213889
0 0.195312 0.687500 0.107292 0.286111
