0 0.071614583 0.73888889 0.093229167 0.17592593
0 0.11432292 0.67592593 0.069270833 0.18148148
0 0.19713542 0.56574074 0.056770833 0.090740741
0 0.23072917 0.5462963 0.042708333 0.10185185
0 0.26953125 0.60416667 0.069270833 0.1212963
0 0.29765625 0.54166667 0.041145833 0.098148148
0 0.33958333 0.65138889 0.085416667 0.15648148
0 0.35572917 0.5287037 0.05625 0.14814815
0 0.4421875 0.58518519 0.055208333 0.27037037
0 0.49869792 0.80740741 0.1421875 0.38333333
0 0.5046875 0.57824074 0.044791667 0.10648148
0 0.53776042 0.5875 0.0265625 0.04537037
0 0.56328125 0.70694444 0.0765625 0.23055556
0 0.58072917 0.57037037 0.039583333 0.096296296
0 0.62604167 0.74351852 0.06875 0.24444444
0 0.81432292 0.83657407 0.12760417 0.31944444
