0 0.054278 0.805750 0.108555 0.204355
0 0.107776 0.745026 0.065520 0.193198
0 0.188073 0.624441 0.058864 0.096288
0 0.188344 0.624928 0.059405 0.097289
0 0.216680 0.602962 0.040891 0.113590
0 0.264607 0.662453 0.069773 0.127171
0 0.295235 0.595001 0.040180 0.091856
0 0.313010 0.747607 0.061629 0.238504
0 0.368464 0.684943 0.062260 0.315515
0 0.428274 0.787823 0.092592 0.424353
0 0.500774 0.667195 0.043630 0.187695
0 0.525918 0.710982 0.072988 0.194378
0 0.559923 0.866605 0.088930 0.266790
0 0.576651 0.625233 0.049434 0.115786
0 0.630612 0.803072 0.070342 0.261433
0 0.634863 0.606443 0.051397 0.160257
0 0.822211 0.861930 0.133921 0.276140
