0 0.099231 0.711148 0.109266 0.178923
0 0.150842 0.655887 0.062342 0.170036
0 0.222684 0.550742 0.055313 0.086976
0 0.255835 0.536378 0.049264 0.100922
0 0.285467 0.577595 0.047348 0.102486
0 0.316533 0.520261 0.035018 0.070511
0 0.348133 0.647136 0.097393 0.242235
0 0.379937 0.541581 0.030176 0.071888
0 0.508877 0.568873 0.041457 0.148476
0 0.517501 0.645656 0.036406 0.115278
0 0.518521 0.696300 0.038445 0.216566
0 0.553655 0.562220 0.068923 0.206704
0 0.554052 0.569802 0.068775 0.223554
0 0.560988 0.768817 0.093300 0.280752
0 0.587039 0.535164 0.029155 0.093741
0 0.629658 0.687961 0.065901 0.225900
0 0.648110 0.537617 0.047733 0.097452
0 0.804033 0.753352 0.122711 0.314657
