0 0.967448 0.748611 0.065104 0.180556
0 0.902083 0.662963 0.082292 0.127778
0 0.891146 0.830093 0.127083 0.230556
0 0.864323 0.611111 0.055729 0.135185
0 0.815625 0.718518 0.091667 0.166667
0 0.759635 0.620370 0.064062 0.124074
0 0.739062 0.592593 0.040625 0.111111
0 0.717187 0.847685 0.133333 0.302778
0 0.675781 0.705093 0.078646 0.149074
0 0.666146 0.602778 0.047917 0.079630
0 0.664062 0.642593 0.065625 0.151852
0 0.652865 0.585648 0.041146 0.108333
0 0.610156 0.458333 0.048437 0.342593
0 0.492969 0.621296 0.048437 0.181481
0 0.475781 0.654167 0.046354 0.167593
0 0.467708 0.712500 0.064583 0.234259
0 0.456250 0.772222 0.031250 0.125926
0 0.427344 0.843518 0.138021 0.311111
0 0.404167 0.575926 0.047917 0.112963
0 0.381250 0.628241 0.055208 0.167593
0 0.360417 0.693981 0.057292 0.215741
0 0.331510 0.748611 0.079687 0.232407
0 0.310938 0.565278 0.050000 0.130556
0 0.262500 0.597685 0.077083 0.169444
0 0.259375 0.836574 0.152083 0.325000
0 0.174219 0.695370 0.072396 0.142593
0 0.112500 0.846759 0.163542 0.304630
