0 0.06953125 0.74953704 0.1390625 0.23981481
0 0.12604167 0.6962963 0.075 0.20740741
0 0.20364583 0.55601852 0.059375 0.1287037
0 0.2328125 0.53101852 0.039583333 0.099074074
0 0.25546875 0.66111111 0.0890625 0.16666667
0 0.29661458 0.60555556 0.0578125 0.12407407
0 0.31458333 0.55185185 0.058333333 0.12777778
0 0.32916667 0.53611111 0.028125 0.090740741
0 0.36510417 0.69675926 0.084375 0.24166667
0 0.38958333 0.54675926 0.034375 0.084259259
0 0.39973958 0.50277778 0.027604167 0.057407407
0 0.4375 0.71574074 0.10104167 0.54259259
0 0.45572917 0.35833333 0.05625 0.22222222
0 0.46067708 0.5162037 0.063020833 0.19907407
0 0.51432292 0.56851852 0.0796875 0.37407407
0 0.55572917 0.51805556 0.045833333 0.097222222
0 0.55598958 0.51805556 0.046354167 0.097222222
0 0.61822917 0.66203704 0.076041667 0.16851852
0 0.63307292 0.52083333 0.0390625 0.11203704
0 0.6640625 0.59583333 0.05 0.19351852
0 0.6859375 0.64583333 0.055208333 0.20833333
0 0.70885417 0.6875 0.082291667 0.20092593
0 0.73333333 0.52453704 0.040625 0.12314815
0 0.759375 0.50231481 0.027083333 0.05462963
0 0.81692708 0.65138889 0.1484375 0.46759259
0 0.92369792 0.825 0.1515625 0.34814815
