0 0.898187 0.735584 0.117818 0.188555
0 0.843323 0.676164 0.069418 0.177552
0 0.766769 0.563756 0.059887 0.092202
0 0.743560 0.541699 0.045992 0.098621
0 0.702361 0.588740 0.043625 0.106210
0 0.669836 0.529399 0.032717 0.075525
0 0.645985 0.625485 0.101617 0.318268
0 0.597750 0.547912 0.033792 0.076504
0 0.590896 0.654917 0.021461 0.066553
0 0.491242 0.680700 0.086062 0.419340
0 0.448435 0.532316 0.038068 0.079548
0 0.426507 0.617652 0.070026 0.180223
0 0.395898 0.744135 0.090534 0.217102
0 0.386285 0.536077 0.051456 0.106135
0 0.386080 0.534305 0.050820 0.102590
0 0.328057 0.687776 0.074992 0.237273
0 0.308047 0.533388 0.045000 0.100260
0 0.130261 0.749567 0.156268 0.312507
