0 0.034896 0.736574 0.069792 0.186111
0 0.100260 0.654630 0.072396 0.127778
0 0.101302 0.818056 0.120312 0.226852
0 0.135417 0.606481 0.057292 0.137037
0 0.189323 0.710648 0.100521 0.162037
0 0.240365 0.612037 0.063021 0.118518
0 0.255990 0.450463 0.060938 0.328704
0 0.259635 0.589352 0.039062 0.117593
0 0.281250 0.844444 0.132292 0.309259
0 0.322917 0.702778 0.068750 0.150000
0 0.338021 0.593518 0.040625 0.100000
0 0.340365 0.641204 0.076563 0.149074
0 0.342969 0.581019 0.046354 0.102778
0 0.504687 0.622222 0.044792 0.179630
0 0.523177 0.656482 0.047396 0.174074
0 0.531510 0.713889 0.066146 0.237037
0 0.556771 0.748148 0.060417 0.225926
0 0.563021 0.536111 0.055208 0.150000
0 0.575260 0.846759 0.153646 0.304630
0 0.599219 0.579167 0.055729 0.112037
0 0.639844 0.654167 0.051563 0.121296
0 0.667448 0.729630 0.078646 0.185185
0 0.684896 0.570833 0.051042 0.126852
0 0.737500 0.605093 0.077083 0.165741
0 0.741927 0.840278 0.155729 0.317593
0 0.823438 0.708333 0.078125 0.157407
0 0.884375 0.852315 0.165625 0.293519
