0 0.040625 0.77824074 0.08125 0.24907407
0 0.15520833 0.78657407 0.14479167 0.2212963
0 0.25651042 0.57638889 0.041145833 0.09537037
0 0.26614583 0.62916667 0.057291667 0.15277778
0 0.34114583 0.73703704 0.086458333 0.23888889
0 0.3609375 0.56064815 0.060416667 0.125
0 0.51536458 0.59212963 0.0703125 0.23425926
0 0.56197917 0.7 0.091666667 0.26111111
0 0.57213542 0.59814815 0.0484375 0.11296296
0 0.60911458 0.53796296 0.0640625 0.11851852
0 0.67161458 0.68425926 0.0703125 0.21111111
0 0.7234375 0.55694444 0.05625 0.14722222
