0 0.061198 0.732407 0.113021 0.188889
0 0.117448 0.675463 0.063021 0.182407
0 0.196354 0.565278 0.057292 0.091667
0 0.232031 0.551852 0.050521 0.107407
0 0.262760 0.599074 0.048437 0.109259
0 0.297135 0.538426 0.035937 0.075000
0 0.328125 0.679630 0.098958 0.259259
0 0.364323 0.566204 0.030729 0.076852
0 0.501302 0.605093 0.041146 0.160185
0 0.508854 0.689815 0.036458 0.124074
0 0.508854 0.745370 0.036458 0.235185
0 0.549219 0.600926 0.069271 0.222222
0 0.549479 0.609259 0.068750 0.240741
0 0.552604 0.827778 0.093750 0.301852
0 0.585417 0.573611 0.029167 0.100926
0 0.627604 0.743981 0.065625 0.243518
0 0.650521 0.580556 0.048958 0.103704
0 0.812240 0.827778 0.124479 0.337037
