0 0.834182 0.854934 0.153322 0.290133
0 0.779165 0.742623 0.068576 0.204330
0 0.720325 0.832191 0.110953 0.248607
0 0.712243 0.649810 0.075314 0.201887
0 0.682886 0.606408 0.043676 0.152438
0 0.649212 0.730311 0.079985 0.191887
0 0.598699 0.621530 0.055468 0.151571
0 0.577547 0.597864 0.036312 0.135938
0 0.572753 0.854601 0.124187 0.290797
0 0.531025 0.734725 0.069953 0.177205
0 0.519134 0.665739 0.060794 0.175201
0 0.510241 0.604360 0.047335 0.125551
0 0.479916 0.462318 0.057952 0.392005
0 0.369105 0.662387 0.047695 0.205298
0 0.355426 0.698664 0.047595 0.188506
0 0.350034 0.771038 0.069605 0.276805
0 0.330743 0.796813 0.058213 0.234713
0 0.319933 0.871713 0.135314 0.256574
0 0.288900 0.624819 0.043086 0.134547
0 0.272460 0.681450 0.052896 0.183816
0 0.247911 0.527188 0.061372 0.233994
0 0.254659 0.766207 0.059716 0.252699
0 0.234097 0.846811 0.089021 0.306379
0 0.202280 0.621714 0.051818 0.151190
0 0.167180 0.874547 0.150681 0.250906
0 0.083020 0.801544 0.077352 0.194758
0 0.068525 0.974780 0.076101 0.050440
