0 0.032418 0.851601 0.064835 0.133517
0 0.079277 0.658220 0.076229 0.163666
0 0.169909 0.555974 0.064761 0.085614
0 0.220913 0.511275 0.040705 0.159175
0 0.247520 0.593485 0.075174 0.119839
0 0.253566 0.493648 0.036927 0.081380
0 0.281357 0.520006 0.061736 0.135089
0 0.323944 0.630622 0.102035 0.143870
0 0.427774 0.629637 0.074013 0.233824
0 0.455569 0.740333 0.112344 0.392093
0 0.516529 0.573756 0.045723 0.130423
0 0.546174 0.635606 0.077073 0.187655
0 0.601796 0.551892 0.054246 0.097657
0 0.658645 0.696346 0.082119 0.217569
0 0.861238 0.774748 0.127892 0.296766
