0 0.929167 0.740741 0.093750 0.174074
0 0.885156 0.676389 0.076563 0.178704
0 0.797135 0.532407 0.034896 0.057407
0 0.790885 0.563426 0.063021 0.110185
0 0.728385 0.602315 0.065104 0.113889
0 0.700260 0.552315 0.035937 0.093518
0 0.685156 0.731481 0.089063 0.161111
0 0.656771 0.652778 0.075000 0.172222
0 0.634115 0.567593 0.029688 0.074074
0 0.499479 0.605093 0.038542 0.162037
0 0.473698 0.668981 0.070312 0.204630
0 0.444010 0.828241 0.095312 0.286111
0 0.424219 0.576389 0.046354 0.104630
0 0.372917 0.740741 0.064583 0.242593
0 0.343490 0.585185 0.042187 0.096296
0 0.303646 0.693981 0.086458 0.221296
0 0.188021 0.836574 0.126042 0.321296
