0 0.07890625 0.74259259 0.1109375 0.17037037
0 0.11927083 0.67407407 0.079166667 0.17592593
0 0.20755208 0.5662037 0.0578125 0.10277778
0 0.21875 0.5462963 0.036458333 0.096296296
0 0.27083333 0.60185185 0.066666667 0.11296296
0 0.30026042 0.55277778 0.031770833 0.092592593
0 0.30364583 0.76944444 0.11041667 0.2462963
0 0.34921875 0.6462963 0.072395833 0.1462963
0 0.36588542 0.56898148 0.030729167 0.073148148
0 0.4625 0.66203704 0.082291667 0.41111111
0 0.49296875 0.52777778 0.018229167 0.033333333
0 0.52083333 0.5787037 0.0375 0.10185185
0 0.55546875 0.82407407 0.094270833 0.27777778
0 0.57578125 0.57916667 0.046354167 0.11203704
0 0.62838542 0.71574074 0.063020833 0.18703704
0 0.65755208 0.58611111 0.043229167 0.094444444
0 0.69427083 0.70416667 0.084375 0.24166667
0 0.81015625 0.83703704 0.12239583 0.32037037
