0 0.075260417 0.73101852 0.0859375 0.19166667
0 0.1171875 0.67592593 0.063541667 0.18148148
0 0.19739583 0.56666667 0.05625 0.090740741
0 0.22369792 0.55138889 0.0390625 0.093518519
0 0.22578125 0.55092593 0.034895833 0.094444444
0 0.26328125 0.61759259 0.074479167 0.1462963
0 0.29817708 0.53657407 0.0390625 0.078703704
0 0.33359375 0.65 0.0859375 0.15
0 0.35885417 0.57777778 0.04375 0.11111111
0 0.42213542 0.75231481 0.084895833 0.49351852
0 0.50104167 0.60601852 0.0375 0.16203704
0 0.52421875 0.65925926 0.0671875 0.18518519
0 0.52942708 0.81944444 0.025520833 0.1037037
0 0.55026042 0.53240741 0.036979167 0.17407407
0 0.55885417 0.8537037 0.159375 0.29074074
0 0.57630208 0.575 0.0484375 0.10555556
0 0.62786458 0.74027778 0.065104167 0.23981481
0 0.8140625 0.8375 0.128125 0.31944444
