0 0.043461 0.643593 0.084698 0.128370
0 0.060019 0.807039 0.120038 0.236880
0 0.084937 0.588385 0.054608 0.127298
0 0.133419 0.698374 0.096390 0.165000
0 0.192270 0.603825 0.067473 0.124971
0 0.212454 0.577595 0.043726 0.114840
0 0.233485 0.833897 0.139914 0.309546
0 0.279922 0.696159 0.076321 0.147571
0 0.297951 0.575065 0.049036 0.109458
0 0.302024 0.666744 0.040652 0.080374
0 0.356694 0.442411 0.068290 0.340421
0 0.466546 0.615919 0.050380 0.181003
0 0.484459 0.648153 0.049200 0.171676
0 0.493202 0.707010 0.070910 0.239304
0 0.502983 0.769156 0.032547 0.123727
0 0.531198 0.841251 0.148584 0.316354
0 0.565798 0.561375 0.074458 0.268215
0 0.600110 0.664819 0.047431 0.157684
0 0.631960 0.748195 0.084838 0.236086
0 0.655252 0.565491 0.053070 0.133743
0 0.705394 0.599803 0.082504 0.171934
0 0.705921 0.836221 0.156295 0.327559
0 0.793379 0.710270 0.081293 0.159819
0 0.857325 0.849468 0.171100 0.301064
