0 0.08046875 0.74166667 0.10885417 0.17037037
0 0.12057292 0.67546296 0.077604167 0.175
0 0.2078125 0.58842593 0.058333333 0.067592593
0 0.2171875 0.54583333 0.0375 0.09537037
0 0.271875 0.60601852 0.06875 0.11759259
0 0.3 0.5537037 0.034375 0.090740741
0 0.30703125 0.74861111 0.10989583 0.19537037
0 0.35052083 0.64768519 0.069791667 0.14722222
0 0.36614583 0.56990741 0.03125 0.073148148
0 0.46692708 0.61342593 0.022395833 0.15092593
0 0.49453125 0.63842593 0.066145833 0.37314815
0 0.53046875 0.6037037 0.022395833 0.053703704
0 0.55625 0.82731481 0.09375 0.28796296
0 0.57552083 0.60138889 0.046875 0.15462963
0 0.62838542 0.7162037 0.0640625 0.18611111
0 0.65729167 0.58611111 0.04375 0.096296296
0 0.69453125 0.70462963 0.084895833 0.24074074
0 0.81223958 0.83703704 0.12552083 0.32222222
