0 0.108633 0.675234 0.142871 0.218063
0 0.162039 0.631880 0.061288 0.176197
0 0.239334 0.598226 0.109480 0.323111
0 0.256657 0.505689 0.031656 0.090601
0 0.272080 0.493662 0.035920 0.087630
0 0.299108 0.608227 0.063090 0.147072
0 0.322967 0.560912 0.055102 0.109186
0 0.336132 0.518195 0.074118 0.122609
0 0.354865 0.509234 0.035422 0.086785
0 0.368452 0.749982 0.119751 0.331903
0 0.408706 0.608441 0.061228 0.126643
0 0.417525 0.519423 0.045475 0.085003
0 0.433489 0.504581 0.039539 0.100050
0 0.495856 0.412127 0.065497 0.310499
0 0.565370 0.533938 0.048159 0.145287
0 0.584929 0.660234 0.078561 0.268299
0 0.600233 0.665710 0.026611 0.078901
0 0.624729 0.505632 0.055629 0.088101
0 0.626376 0.764742 0.136193 0.337035
0 0.664175 0.578653 0.054334 0.165185
0 0.687194 0.618840 0.056029 0.177479
0 0.711596 0.673777 0.075793 0.203947
0 0.732865 0.518375 0.040803 0.114754
0 0.757092 0.535021 0.056249 0.118196
0 0.800964 0.662085 0.092145 0.251313
0 0.897718 0.794630 0.133285 0.312477
