0 0.934896 0.861111 0.130208 0.275926
0 0.885417 0.735185 0.067708 0.168519
0 0.823698 0.813426 0.117188 0.213889
0 0.800781 0.618981 0.058854 0.128704
0 0.749479 0.722685 0.088542 0.165741
0 0.713802 0.664352 0.058854 0.123148
0 0.696094 0.606481 0.072396 0.124074
0 0.676042 0.475463 0.063542 0.319444
0 0.658594 0.798148 0.120313 0.209259
0 0.619271 0.702315 0.069792 0.154630
0 0.609375 0.607407 0.043750 0.090741
0 0.595313 0.587963 0.038542 0.111111
0 0.516406 0.640741 0.055729 0.322222
0 0.456510 0.617593 0.071354 0.337037
0 0.426042 0.743056 0.077083 0.280555
0 0.396615 0.731019 0.051563 0.197222
0 0.385417 0.841204 0.135417 0.315741
0 0.371094 0.568981 0.045313 0.093518
0 0.340885 0.622222 0.053646 0.135185
0 0.318490 0.696759 0.057812 0.195370
0 0.290104 0.788889 0.078125 0.288889
0 0.271354 0.583333 0.040625 0.124074
0 0.246875 0.599074 0.059375 0.133333
0 0.216146 0.839815 0.158333 0.318519
0 0.179948 0.659259 0.055729 0.120370
0 0.078125 0.852778 0.155208 0.292593
