0 0.092547 0.931406 0.119741 0.137188
0 0.111510 0.761651 0.108100 0.200789
0 0.150003 0.687980 0.079743 0.203510
0 0.227520 0.567993 0.057602 0.107924
0 0.227748 0.569055 0.057181 0.112099
0 0.247594 0.555374 0.035547 0.106776
0 0.292729 0.614481 0.059453 0.131104
0 0.323182 0.552479 0.032382 0.092971
0 0.327301 0.808624 0.106895 0.276272
0 0.349434 0.671038 0.094907 0.172822
0 0.380293 0.584357 0.037548 0.079600
0 0.486784 0.626163 0.042899 0.196345
0 0.521255 0.617973 0.056951 0.217012
0 0.557564 0.860899 0.092060 0.278202
0 0.581823 0.603785 0.046693 0.129391
0 0.623936 0.786759 0.072502 0.269235
0 0.646337 0.632895 0.017529 0.053375
0 0.677571 0.583020 0.062688 0.238296
0 0.690022 0.750260 0.081917 0.276021
0 0.799291 0.861019 0.123594 0.277963
