0 0.884957 0.684022 0.064216 0.178000
0 0.827124 0.611679 0.066241 0.123683
0 0.827540 0.763380 0.108243 0.216121
0 0.795334 0.566335 0.052582 0.130016
0 0.749429 0.666388 0.090478 0.154927
0 0.702837 0.577145 0.056958 0.114657
0 0.685796 0.554522 0.037226 0.112099
0 0.669722 0.793799 0.120246 0.291754
0 0.654070 0.427912 0.042119 0.307461
0 0.631298 0.663581 0.062380 0.143381
0 0.614929 0.570905 0.032147 0.074753
0 0.615171 0.606339 0.069232 0.141943
0 0.612802 0.548950 0.042496 0.095050
0 0.470008 0.605536 0.041986 0.194334
0 0.453955 0.622637 0.041915 0.154609
0 0.447599 0.679097 0.060712 0.224482
0 0.425800 0.712434 0.055497 0.211310
0 0.414573 0.489435 0.050649 0.191245
0 0.411688 0.806393 0.136701 0.288992
0 0.386795 0.555874 0.049968 0.105727
0 0.351975 0.627364 0.047379 0.117707
0 0.328179 0.700119 0.071973 0.175736
0 0.310609 0.551733 0.047413 0.120299
0 0.264483 0.583501 0.069474 0.160087
0 0.263768 0.805274 0.141021 0.303854
0 0.190423 0.687333 0.069875 0.155786
0 0.138556 0.821785 0.149431 0.281757
