0 0.075520833 0.73287037 0.086458333 0.18611111
0 0.11692708 0.67546296 0.0640625 0.18055556
0 0.19713542 0.56435185 0.056770833 0.091666667
0 0.20807292 0.49537037 0.038020833 0.13518519
0 0.23802083 0.53055556 0.039583333 0.15925926
0 0.26744792 0.60277778 0.066145833 0.11851852
0 0.28880208 0.53518519 0.046354167 0.16111111
0 0.31588542 0.65 0.052604167 0.15740741
0 0.34375 0.80555556 0.13645833 0.38703704
0 0.403125 0.78101852 0.0625 0.43611111
0 0.50208333 0.61712963 0.041666667 0.18611111
0 0.52734375 0.65509259 0.068229167 0.18055556
0 0.57682292 0.57731481 0.0484375 0.11018519
0 0.62578125 0.74351852 0.071354167 0.24444444
0 0.81484375 0.83703704 0.12864583 0.31481481
