0 0.075260 0.731019 0.085938 0.191667
0 0.117187 0.675926 0.063542 0.181481
0 0.197396 0.566667 0.056250 0.090741
0 0.223698 0.551389 0.039062 0.093518
0 0.225781 0.550926 0.034896 0.094444
0 0.263281 0.617593 0.074479 0.146296
0 0.298177 0.536574 0.039062 0.078704
0 0.333594 0.650000 0.085938 0.150000
0 0.358854 0.577778 0.043750 0.111111
0 0.422135 0.752315 0.084896 0.493519
0 0.501042 0.606019 0.037500 0.162037
0 0.524219 0.659259 0.067188 0.185185
0 0.529427 0.819444 0.025521 0.103704
0 0.550260 0.532407 0.036979 0.174074
0 0.558854 0.853704 0.159375 0.290741
0 0.576302 0.575000 0.048437 0.105556
0 0.627865 0.740278 0.065104 0.239815
0 0.814062 0.837500 0.128125 0.319444
