0 0.023395 0.761480 0.046789 0.188827
0 0.042251 0.701961 0.073395 0.183693
0 0.092713 0.565072 0.052415 0.206198
0 0.127881 0.587688 0.063211 0.093455
0 0.145316 0.838712 0.132229 0.322576
0 0.148166 0.541085 0.055716 0.143298
0 0.189893 0.809239 0.084822 0.381522
0 0.199359 0.545313 0.051907 0.150383
0 0.214374 0.621400 0.053637 0.123053
0 0.278478 0.665635 0.107384 0.163807
0 0.459792 0.622556 0.050053 0.200568
0 0.486727 0.657588 0.078577 0.189495
0 0.539036 0.572835 0.052774 0.107454
0 0.595544 0.736235 0.081923 0.246397
0 0.802420 0.818560 0.144835 0.324287
