0 0.06875 0.75277778 0.1375 0.23518519
0 0.12317708 0.69583333 0.078645833 0.20277778
0 0.1734375 0.61851852 0.06875 0.14074074
0 0.21145833 0.55648148 0.046875 0.12777778
0 0.234375 0.53287037 0.038541667 0.099074074
0 0.25625 0.65277778 0.088541667 0.15185185
0 0.2953125 0.6 0.059375 0.12407407
0 0.29557292 0.6 0.058854167 0.12407407
0 0.31822917 0.55277778 0.051041667 0.12222222
0 0.33489583 0.55601852 0.023958333 0.05462963
0 0.37083333 0.69166667 0.094791667 0.22407407
0 0.39661458 0.57685185 0.077604167 0.12592593
0 0.40078125 0.51759259 0.049479167 0.085185185
0 0.46432292 0.41157407 0.0578125 0.33055556
0 0.5546875 0.57175926 0.052083333 0.20277778
0 0.61953125 0.69166667 0.077604167 0.23148148
0 0.62760417 0.52268519 0.034375 0.11203704
0 0.64401042 0.52407407 0.046354167 0.11666667
0 0.66484375 0.5912037 0.058854167 0.18425926
0 0.68958333 0.65 0.060416667 0.21481481
0 0.7109375 0.70185185 0.085416667 0.23333333
0 0.73541667 0.52361111 0.041666667 0.12314815
0 0.76145833 0.54074074 0.060416667 0.12962963
0 0.80729167 0.68055556 0.086458333 0.27777778
0 0.85859375 0.65092593 0.1015625 0.1962963
0 0.92421875 0.825 0.15052083 0.34814815
