0 0.067166 0.791565 0.076894 0.174951
0 0.132168 0.712780 0.079224 0.119740
0 0.139002 0.862934 0.129458 0.217272
0 0.165541 0.660238 0.059258 0.114805
0 0.225144 0.758345 0.108683 0.160178
0 0.276845 0.664867 0.067382 0.117948
0 0.295547 0.638431 0.043527 0.107735
0 0.324248 0.861067 0.144041 0.277865
0 0.356130 0.649270 0.036268 0.075722
0 0.364005 0.735401 0.073826 0.139145
0 0.379777 0.678896 0.083476 0.139105
0 0.381140 0.616923 0.053525 0.079609
0 0.410374 0.508254 0.069589 0.307483
0 0.548792 0.645607 0.050375 0.165348
0 0.569645 0.671309 0.050570 0.152133
0 0.581222 0.723509 0.074718 0.215291
0 0.606502 0.753832 0.067519 0.206435
0 0.602558 0.538259 0.070145 0.183497
0 0.627057 0.841006 0.162846 0.285317
0 0.649078 0.598820 0.052533 0.103508
0 0.689968 0.660256 0.057088 0.113801
0 0.719939 0.726318 0.087082 0.174955
0 0.734800 0.582284 0.056120 0.117857
0 0.789256 0.606078 0.083925 0.156506
0 0.799874 0.819446 0.165380 0.300407
0 0.880904 0.694100 0.083797 0.151534
0 0.928955 0.817020 0.142091 0.282400
