0 0.06953125 0.74768519 0.1390625 0.23425926
0 0.12526042 0.69722222 0.077604167 0.20740741
0 0.20442708 0.55509259 0.0578125 0.125
0 0.23385417 0.52962963 0.038541667 0.098148148
0 0.25625 0.65740741 0.088541667 0.16111111
0 0.29401042 0.60231481 0.058854167 0.11944444
0 0.31302083 0.55 0.061458333 0.12407407
0 0.3296875 0.53842593 0.034375 0.09537037
0 0.34661458 0.81064815 0.1296875 0.37685185
0 0.37317708 0.64675926 0.040104167 0.14166667
0 0.390625 0.54814815 0.034375 0.087037037
0 0.39244792 0.5162037 0.034895833 0.087962963
0 0.43255208 0.71064815 0.080729167 0.53796296
0 0.475 0.41759259 0.065625 0.3462963
0 0.55208333 0.55972222 0.046875 0.1787037
0 0.56953125 0.69398148 0.075520833 0.30462963
0 0.59557292 0.69722222 0.0265625 0.072222222
0 0.62473958 0.51851852 0.056770833 0.1037037
0 0.63203125 0.81018519 0.15260417 0.37777778
0 0.66536458 0.5837963 0.053645833 0.1712963
0 0.6890625 0.63333333 0.05625 0.17777778
0 0.71510417 0.67453704 0.077083333 0.18055556
0 0.73385417 0.52314815 0.039583333 0.12407407
0 0.7609375 0.53981481 0.058333333 0.12962963
0 0.81145833 0.67962963 0.09375 0.27777778
0 0.92395833 0.825 0.15104167 0.34814815
