0 0.966927 0.750926 0.066146 0.185185
0 0.903125 0.664815 0.081250 0.125926
0 0.890885 0.829167 0.126562 0.230556
0 0.864063 0.611111 0.055208 0.135185
0 0.815365 0.719907 0.091146 0.167593
0 0.759635 0.618981 0.064062 0.123148
0 0.739583 0.592593 0.040625 0.112963
0 0.716927 0.847222 0.132812 0.303704
0 0.673177 0.707407 0.072396 0.150000
0 0.664062 0.642130 0.064583 0.150926
0 0.655990 0.588889 0.044271 0.103704
0 0.600781 0.453241 0.060938 0.336111
0 0.492448 0.621759 0.048437 0.180556
0 0.475521 0.653241 0.045833 0.167593
0 0.466667 0.712500 0.065625 0.236111
0 0.454948 0.769907 0.032812 0.121296
0 0.426042 0.842593 0.133333 0.312963
0 0.403646 0.574537 0.044792 0.112037
0 0.380990 0.623611 0.057812 0.175000
0 0.359635 0.693519 0.058854 0.212963
0 0.332552 0.748611 0.080729 0.232407
0 0.310677 0.564815 0.050521 0.129630
0 0.262240 0.598148 0.077604 0.168519
0 0.258333 0.836574 0.152083 0.325000
0 0.173958 0.704630 0.073958 0.162963
0 0.112240 0.847222 0.163021 0.303704
