0 0.080469 0.741667 0.108854 0.170370
0 0.120573 0.675463 0.077604 0.175000
0 0.207813 0.588426 0.058333 0.067593
0 0.217187 0.545833 0.037500 0.095370
0 0.271875 0.606019 0.068750 0.117593
0 0.300000 0.553704 0.034375 0.090741
0 0.307031 0.748611 0.109896 0.195370
0 0.350521 0.647685 0.069792 0.147222
0 0.366146 0.569907 0.031250 0.073148
0 0.466927 0.613426 0.022396 0.150926
0 0.494531 0.638426 0.066146 0.373148
0 0.530469 0.603704 0.022396 0.053704
0 0.556250 0.827315 0.093750 0.287963
0 0.575521 0.601389 0.046875 0.154630
0 0.628385 0.716204 0.064062 0.186111
0 0.657292 0.586111 0.043750 0.096296
0 0.694531 0.704630 0.084896 0.240741
0 0.812240 0.837037 0.125521 0.322222
