0 0.986547 0.864996 0.026906 0.177254
0 0.974694 0.692801 0.050612 0.191009
0 0.915160 0.617753 0.096561 0.145773
0 0.914974 0.621118 0.097314 0.152503
0 0.910661 0.775535 0.141547 0.230735
0 0.874347 0.568342 0.061998 0.151218
0 0.826536 0.677895 0.102459 0.175810
0 0.764601 0.578729 0.071984 0.128326
0 0.739819 0.558484 0.046022 0.121223
0 0.724049 0.784730 0.147652 0.248418
0 0.676656 0.682338 0.086892 0.160128
0 0.663307 0.618967 0.075129 0.160018
0 0.657796 0.563977 0.046817 0.109873
0 0.647821 0.559616 0.049870 0.118715
0 0.618835 0.431644 0.065695 0.359037
0 0.477381 0.612794 0.056913 0.188830
0 0.460369 0.647814 0.054285 0.175268
0 0.452316 0.710726 0.078198 0.247858
0 0.430500 0.735178 0.064893 0.213344
0 0.413731 0.842191 0.159404 0.315618
0 0.380698 0.577994 0.053909 0.122886
0 0.360794 0.630017 0.063159 0.172262
0 0.338711 0.704241 0.068082 0.226957
0 0.310449 0.749365 0.098987 0.230699
0 0.290555 0.575131 0.036461 0.139395
0 0.244000 0.561157 0.084342 0.286483
0 0.231357 0.843394 0.174945 0.313213
0 0.136109 0.734971 0.090696 0.175700
0 0.081937 0.861840 0.163874 0.276321
