0 0.11458333 0.69675926 0.10416667 0.20648148
0 0.16536458 0.61990741 0.059895833 0.13425926
0 0.20677083 0.55694444 0.05625 0.12685185
0 0.2375 0.53287037 0.038541667 0.099074074
0 0.25859375 0.66111111 0.0890625 0.16851852
0 0.29557292 0.60416667 0.066145833 0.1212963
0 0.31171875 0.55555556 0.061979167 0.13148148
0 0.32786458 0.54212963 0.038020833 0.099074074
0 0.33125 0.42407407 0.066666667 0.33518519
0 0.3734375 0.7 0.094791667 0.24444444
0 0.4015625 0.59074074 0.063541667 0.15
0 0.4109375 0.5337963 0.035416667 0.11388889
0 0.55833333 0.52731481 0.048958333 0.11574074
0 0.62213542 0.65833333 0.071354167 0.17037037
0 0.63151042 0.52222222 0.0265625 0.098148148
0 0.64635417 0.52777778 0.044791667 0.11481481
0 0.66822917 0.58055556 0.05 0.16296296
0 0.6890625 0.65138889 0.061458333 0.21759259
0 0.7125 0.70092593 0.088541667 0.22777778
0 0.73697917 0.52546296 0.040625 0.11944444
0 0.7640625 0.53796296 0.057291667 0.12222222
0 0.8078125 0.63101852 0.078125 0.175
0 0.85677083 0.64907407 0.097916667 0.1962963
0 0.91276042 0.81851852 0.1734375 0.3462963
