0 0.940085 0.811346 0.119829 0.205144
0 0.884329 0.746927 0.072791 0.193620
0 0.803868 0.624769 0.062836 0.100290
0 0.779482 0.600886 0.048239 0.107466
0 0.736249 0.652790 0.045748 0.115799
0 0.702056 0.588218 0.034312 0.082325
0 0.677072 0.693592 0.106518 0.347317
0 0.626371 0.609242 0.035441 0.083386
0 0.619242 0.726380 0.022496 0.072625
0 0.514612 0.755653 0.090117 0.458128
0 0.469566 0.593776 0.039930 0.086672
0 0.446594 0.687369 0.073428 0.196538
0 0.414532 0.826071 0.094942 0.236689
0 0.404305 0.598554 0.053973 0.115633
0 0.404088 0.596618 0.053307 0.111760
0 0.343256 0.765138 0.078607 0.258937
0 0.322145 0.596449 0.047197 0.109271
0 0.135590 0.832321 0.163918 0.335359
