0 0.933854 0.732870 0.095833 0.187963
0 0.882552 0.676389 0.064062 0.180556
0 0.802083 0.566667 0.056250 0.092593
0 0.766927 0.554167 0.049479 0.112037
0 0.727083 0.605093 0.068750 0.119444
0 0.700000 0.550926 0.034375 0.096296
0 0.692448 0.738889 0.124479 0.157407
0 0.652344 0.644444 0.064062 0.135185
0 0.641927 0.567130 0.034896 0.075000
0 0.496615 0.573148 0.042187 0.094444
0 0.475260 0.661574 0.067188 0.178704
0 0.448438 0.831944 0.098958 0.297222
0 0.419271 0.599537 0.050000 0.232407
0 0.371615 0.742593 0.064062 0.246296
0 0.344010 0.584722 0.041146 0.099074
0 0.185938 0.837500 0.127083 0.323148
