0 0.100358 0.702325 0.139283 0.254053
0 0.158336 0.653081 0.074894 0.211525
0 0.234029 0.513857 0.056666 0.131948
0 0.263111 0.490900 0.038408 0.104399
0 0.266302 0.612905 0.056149 0.157460
0 0.300863 0.695021 0.091089 0.555860
0 0.348545 0.520514 0.040870 0.131030
0 0.363421 0.786348 0.123511 0.388413
0 0.404555 0.618571 0.063820 0.145608
0 0.413832 0.517199 0.045162 0.096278
0 0.429482 0.499149 0.042618 0.118834
0 0.495758 0.388292 0.061851 0.360233
0 0.565505 0.505160 0.047026 0.117198
0 0.579170 0.675649 0.074272 0.311763
0 0.617814 0.643293 0.060992 0.179499
0 0.619109 0.801212 0.125485 0.388527
0 0.633806 0.499176 0.057728 0.109306
0 0.670472 0.574305 0.050307 0.188338
0 0.691181 0.630493 0.058553 0.207737
0 0.713286 0.704775 0.080858 0.267685
0 0.736618 0.510841 0.039813 0.127185
0 0.760730 0.529781 0.058234 0.136769
0 0.806235 0.675102 0.093087 0.289207
0 0.909379 0.823461 0.145288 0.353078
