0 0.075 0.74861111 0.15 0.23796296
0 0.13177083 0.69537037 0.0625 0.1962963
0 0.21458333 0.65138889 0.11145833 0.36018519
0 0.23125 0.54490741 0.032291667 0.10092593
0 0.24765625 0.53009259 0.036979167 0.097222222
0 0.27942708 0.65833333 0.065104167 0.16296296
0 0.30416667 0.60277778 0.057291667 0.12037037
0 0.31744792 0.55324074 0.077604167 0.13425926
0 0.3375 0.54166667 0.036458333 0.096296296
0 0.35755208 0.81435185 0.12239583 0.36944444
0 0.39791667 0.65046296 0.063541667 0.13981481
0 0.40546875 0.54861111 0.047395833 0.093518519
0 0.42239583 0.53055556 0.040625 0.11111111
0 0.48776042 0.42083333 0.0640625 0.34907407
0 0.565625 0.55416667 0.048958333 0.16203704
0 0.58958333 0.6962963 0.079166667 0.3
0 0.60625 0.70138889 0.027083333 0.087962963
0 0.62916667 0.51759259 0.058333333 0.096296296
0 0.63671875 0.81203704 0.14010417 0.37407407
0 0.6734375 0.59768519 0.055208333 0.18425926
0 0.69921875 0.64166667 0.056770833 0.19814815
0 0.72682292 0.70231481 0.077604167 0.22685185
0 0.74635417 0.52407407 0.041666667 0.12777778
0 0.77291667 0.5412037 0.058333333 0.13055556
0 0.82317708 0.68240741 0.094270833 0.27962963
0 0.93072917 0.82592593 0.1375 0.3462963
