0 0.071615 0.738889 0.093229 0.175926
0 0.114323 0.675926 0.069271 0.181481
0 0.197135 0.565741 0.056771 0.090741
0 0.230729 0.546296 0.042708 0.101852
0 0.269531 0.604167 0.069271 0.121296
0 0.297656 0.541667 0.041146 0.098148
0 0.339583 0.651389 0.085417 0.156482
0 0.355729 0.528704 0.056250 0.148148
0 0.442187 0.585185 0.055208 0.270370
0 0.498698 0.807407 0.142188 0.383333
0 0.504687 0.578241 0.044792 0.106481
0 0.537760 0.587500 0.026562 0.045370
0 0.563281 0.706944 0.076563 0.230556
0 0.580729 0.570370 0.039583 0.096296
0 0.626042 0.743519 0.068750 0.244444
0 0.814323 0.836574 0.127604 0.319444
