0 0.076195 0.756462 0.113895 0.230285
0 0.124331 0.666172 0.070720 0.161811
0 0.188989 0.737303 0.120301 0.200169
0 0.217442 0.563910 0.062894 0.126687
0 0.264780 0.665409 0.092416 0.165192
0 0.303299 0.616070 0.059940 0.114660
0 0.348904 0.791425 0.129958 0.298079
0 0.380527 0.519096 0.049897 0.181892
0 0.393752 0.667086 0.072399 0.139482
0 0.405254 0.616258 0.075360 0.138161
0 0.410340 0.581508 0.033130 0.068129
0 0.427257 0.453047 0.067920 0.302476
0 0.547663 0.562704 0.041335 0.099961
0 0.547915 0.562734 0.041777 0.098344
0 0.567610 0.597868 0.049260 0.124252
0 0.571801 0.641702 0.059922 0.154703
0 0.585822 0.700156 0.068178 0.214906
0 0.614023 0.710620 0.062928 0.195102
0 0.616212 0.821967 0.144880 0.308174
0 0.640491 0.570237 0.046187 0.095525
0 0.668803 0.618586 0.056973 0.129328
0 0.693647 0.658112 0.052413 0.114610
0 0.712182 0.778952 0.085975 0.275396
0 0.746777 0.610488 0.062235 0.122438
0 0.757645 0.583571 0.047978 0.103244
0 0.777009 0.838742 0.154104 0.313429
0 0.799476 0.731131 0.108914 0.244718
0 0.915437 0.859055 0.158899 0.281891
