0 0.921615 0.740741 0.110937 0.172222
0 0.882292 0.673148 0.082292 0.175926
0 0.799740 0.565278 0.056771 0.099074
0 0.781250 0.552778 0.036458 0.092593
0 0.730469 0.602778 0.059896 0.111111
0 0.698958 0.545833 0.030208 0.076852
0 0.692187 0.817593 0.107292 0.290741
0 0.671615 0.649074 0.098437 0.150000
0 0.639583 0.573148 0.039583 0.072222
0 0.527344 0.672685 0.060938 0.332407
0 0.502344 0.537037 0.020312 0.068519
0 0.481771 0.576852 0.041667 0.101852
0 0.445833 0.824537 0.092708 0.275000
0 0.424479 0.581481 0.046875 0.114815
0 0.376562 0.740278 0.072917 0.232407
0 0.368490 0.556481 0.068229 0.196296
0 0.335417 0.575000 0.029167 0.074074
0 0.307552 0.704167 0.082813 0.239815
0 0.188802 0.836111 0.124479 0.320370
