0 0.960206 0.671943 0.079587 0.147202
0 0.942578 0.858549 0.114844 0.267395
0 0.927330 0.607374 0.065262 0.141477
0 0.861692 0.730423 0.119670 0.196859
0 0.804845 0.615392 0.074203 0.145217
0 0.784278 0.582945 0.047949 0.133012
0 0.752583 0.844401 0.158638 0.311199
0 0.717605 0.597640 0.039945 0.093371
0 0.708897 0.704762 0.081304 0.171431
0 0.691568 0.634914 0.091923 0.171183
0 0.690099 0.557981 0.058936 0.097849
0 0.657983 0.423627 0.076726 0.380744
0 0.505595 0.597019 0.055512 0.204478
0 0.482634 0.629362 0.055721 0.188050
0 0.469869 0.694422 0.082323 0.266054
0 0.442035 0.732594 0.074398 0.255195
0 0.446482 0.464807 0.077275 0.226631
0 0.419372 0.832813 0.179331 0.334373
0 0.395259 0.540963 0.057856 0.127573
0 0.350233 0.618090 0.062873 0.140274
0 0.317219 0.700739 0.095908 0.215667
0 0.300936 0.522175 0.061811 0.145335
0 0.240999 0.552833 0.092425 0.192802
0 0.229209 0.816513 0.182127 0.366975
0 0.140102 0.664011 0.092282 0.186625
0 0.082705 0.818001 0.165409 0.347353
