0 0.54010417 0.11481481 0.026041667 0.062962963
0 0.65980208 0.12256481 0.014916667 0.036953704
0 0.6890625 0.12638889 0.009375 0.032407407
0 0.74544271 0.12506481 0.010276042 0.021944444
0 0.75739583 0.15565741 0.025208333 0.032796296
0 0.77630208 0.19953704 0.022395833 0.036111111
0 0.78125 0.15694444 0.010416667 0.036111111
0 0.8228125 0.16399074 0.014375 0.030944444
0 0.8390625 0.25324074 0.028125 0.086111111
0 0.86333333 0.18268519 0.026666667 0.035
0 0.91848958 0.2375 0.011979167 0.058333333
0 0.93098958 0.23564815 0.0140625 0.039814815
1 0.73932292 0.90787037 0.0609375 0.028703704
