0 0.68671875 0.15925926 0.0203125 0.074074074
0 0.71432292 0.088425926 0.016145833 0.039814815
0 0.73463542 0.19259259 0.033854167 0.061111111
0 0.76432292 0.18796296 0.025520833 0.048148148
0 0.8015625 0.20462963 0.027083333 0.061111111
0 0.82927083 0.16491667 0.014791667 0.029092593
0 0.84557292 0.25972222 0.038020833 0.082407407
0 0.85427083 0.18768519 0.014791667 0.033888889
0 0.868125 0.18694444 0.015416667 0.032407407
0 0.88072917 0.24259259 0.019791667 0.072222222
0 0.90026042 0.2337963 0.022395833 0.052777778
0 0.91744792 0.2375 0.011979167 0.056481481
0 0.93046875 0.23287037 0.015104167 0.041666667
