0 0.64036458 0.12175926 0.0140625 0.047222222
0 0.690625 0.12361111 0.010416667 0.037962963
0 0.73697917 0.1912037 0.035416667 0.10833333
0 0.75182292 0.11805556 0.015104167 0.052777778
0 0.77473958 0.19583333 0.019270833 0.030555556
0 0.78197917 0.15102778 0.024375 0.042055556
0 0.82333333 0.15991667 0.013333333 0.030203704
0 0.85760417 0.19027778 0.021458333 0.031666667
0 0.89166667 0.25185185 0.022916667 0.055555556
0 0.91875 0.2375 0.011458333 0.058333333
0 0.93151042 0.23703704 0.015104167 0.042592593
