0 0.532031 0.067593 0.028646 0.068519
0 0.690104 0.123148 0.011458 0.040741
0 0.701563 0.162037 0.044792 0.070370
0 0.752865 0.194907 0.025521 0.060185
0 0.776042 0.190741 0.021875 0.038889
0 0.854948 0.187500 0.017187 0.034259
0 0.869271 0.192130 0.013542 0.032407
0 0.883854 0.246759 0.023958 0.052778
0 0.892500 0.188241 0.018333 0.038704
0 0.899740 0.235185 0.015104 0.050000
0 0.905990 0.275463 0.032812 0.128704
0 0.930729 0.236574 0.016667 0.045370
1 0.739323 0.907407 0.060938 0.029630
1 0.808854 0.908333 0.044792 0.029630
