0 0.51744792 0.086574074 0.0203125 0.032407407
0 0.69088542 0.12592593 0.0109375 0.035185185
0 0.69791667 0.16527778 0.034375 0.062037037
0 0.74348958 0.1875 0.044270833 0.049074074
0 0.77625 0.15121296 0.019166667 0.038722222
0 0.80333333 0.18712963 0.015 0.029074074
0 0.82416667 0.16306481 0.015 0.032796296
0 0.8453125 0.25972222 0.039583333 0.080555556
0 0.85833333 0.1875 0.016666667 0.037222222
0 0.88229167 0.24398148 0.020833333 0.071296296
0 0.91822917 0.23657407 0.0125 0.058333333
0 0.93125 0.2337963 0.013541667 0.041666667
1 0.73932292 0.90740741 0.0609375 0.02962963
