0 0.67473958 0.087962963 0.016145833 0.066666667
0 0.69427083 0.16388889 0.030208333 0.066666667
0 0.7571875 0.1519537 0.012291667 0.025398148
0 0.765625 0.20555556 0.021875 0.046296296
0 0.78041667 0.15121296 0.019166667 0.038722222
0 0.82416667 0.16528704 0.015 0.037231481
0 0.84510417 0.17953704 0.013125 0.047222222
0 0.84713542 0.25787037 0.0421875 0.076851852
0 0.8584375 0.18768519 0.014791667 0.033888889
0 0.87109375 0.19351852 0.013020833 0.035185185
0 0.89192708 0.25324074 0.0234375 0.050925926
0 0.93046875 0.24398148 0.013020833 0.037962963
