0 0.53203125 0.067592593 0.028645833 0.068518519
0 0.69010417 0.12314815 0.011458333 0.040740741
0 0.7015625 0.16203704 0.044791667 0.07037037
0 0.75286458 0.19490741 0.025520833 0.060185185
0 0.77604167 0.19074074 0.021875 0.038888889
0 0.85494792 0.1875 0.0171875 0.034259259
0 0.86927083 0.19212963 0.013541667 0.032407407
0 0.88385417 0.24675926 0.023958333 0.052777778
0 0.8925 0.18824074 0.018333333 0.038703704
0 0.89973958 0.23518519 0.015104167 0.05
0 0.90598958 0.27546296 0.0328125 0.1287037
0 0.93072917 0.23657407 0.016666667 0.04537037
1 0.73932292 0.90740741 0.0609375 0.02962963
1 0.80885417 0.90833333 0.044791667 0.02962963
