0 0.568013 0.156846 0.017221 0.052250
0 0.612687 0.159540 0.016713 0.049802
0 0.649782 0.154922 0.014157 0.021252
0 0.722539 0.217045 0.028364 0.085724
0 0.738198 0.227182 0.014165 0.027776
0 0.741940 0.188843 0.020738 0.037585
0 0.756574 0.184713 0.014671 0.029409
0 0.784089 0.189915 0.011124 0.017164
0 0.808170 0.282384 0.034906 0.068623
0 0.820365 0.219330 0.018003 0.029967
0 0.836372 0.224793 0.011644 0.030213
0 0.845759 0.268387 0.018243 0.063670
0 0.877052 0.266236 0.021256 0.049819
0 0.894711 0.258834 0.019235 0.048180
1 0.707865 0.855194 0.059087 0.026306
