0 0.45286458 0.064351852 0.024479167 0.099074074
0 0.69036458 0.12361111 0.0109375 0.039814815
0 0.70104167 0.16388889 0.04375 0.064814815
0 0.73671875 0.19212963 0.0328125 0.065740741
0 0.76223958 0.18703704 0.016145833 0.048148148
0 0.7796875 0.16157407 0.014583333 0.043518519
0 0.84739583 0.25740741 0.042708333 0.07962963
0 0.86927083 0.1912037 0.0125 0.032407407
0 0.88229167 0.24490741 0.020833333 0.065740741
0 0.91640625 0.23935185 0.018229167 0.056481481
0 0.93098958 0.23611111 0.015104167 0.044444444
