0 0.5984375 0.11435185 0.014583333 0.04537037
0 0.68359375 0.1537037 0.018229167 0.057407407
0 0.68776042 0.11712963 0.015104167 0.043518519
0 0.69765625 0.1537037 0.0171875 0.044444444
0 0.75234375 0.13148148 0.015104167 0.037037037
0 0.77526042 0.18518519 0.018229167 0.048148148
0 0.82395833 0.15601852 0.009375 0.017592593
0 0.87135417 0.19305556 0.010416667 0.026851852
0 0.88359375 0.25 0.022395833 0.061111111
0 0.92864583 0.23518519 0.011458333 0.037037037
1 0.73932292 0.90740741 0.0609375 0.02962963
