0 0.417579 0.133882 0.028160 0.059719
0 0.268402 0.189118 0.011455 0.035227
0 0.258089 0.222770 0.043505 0.062110
0 0.209887 0.253317 0.025076 0.052474
0 0.187838 0.250945 0.021311 0.034178
0 0.112929 0.252177 0.016798 0.030004
0 0.099406 0.256838 0.013312 0.028245
0 0.086353 0.304034 0.023487 0.046095
0 0.077311 0.254705 0.017949 0.033842
0 0.071116 0.294994 0.015047 0.043285
0 0.065763 0.329564 0.032976 0.111113
0 0.041734 0.297741 0.016463 0.039427
1 0.232948 0.858571 0.058240 0.028278
1 0.166993 0.862873 0.042921 0.027462
