0 0.68958333 0.12314815 0.010416667 0.037037037
0 0.69348958 0.16342593 0.030729167 0.063888889
0 0.71822917 0.14537037 0.016666667 0.040740741
0 0.75416667 0.14768519 0.013541667 0.023148148
0 0.76614583 0.20092593 0.022916667 0.048148148
0 0.77916667 0.15740741 0.013541667 0.040740741
0 0.82364583 0.15843519 0.016041667 0.027240741
0 0.87057292 0.19490741 0.016145833 0.037962963
0 0.88098958 0.24212963 0.0234375 0.075
0 0.92942708 0.24027778 0.015104167 0.047222222
1 0.73932292 0.90740741 0.0609375 0.02962963
