0 0.59583333 0.11388889 0.017708333 0.059259259
0 0.64192708 0.11712963 0.0171875 0.056481481
0 0.68020833 0.11203704 0.014583333 0.024074074
0 0.75520833 0.18287037 0.029166667 0.097222222
0 0.77135417 0.19444444 0.014583333 0.031481481
0 0.77526042 0.15092593 0.021354167 0.042592593
0 0.79036458 0.1462963 0.015104167 0.033333333
0 0.81875 0.15231481 0.011458333 0.019444444
0 0.84348958 0.25740741 0.0359375 0.077777778
0 0.85614583 0.18586111 0.018541667 0.033953704
0 0.87265625 0.19212963 0.011979167 0.034259259
0 0.88229167 0.24166667 0.01875 0.072222222
0 0.91458333 0.23935185 0.021875 0.056481481
0 0.9328125 0.23101852 0.019791667 0.05462963
1 0.73932292 0.90740741 0.0609375 0.02962963
