0 0.404167 0.113889 0.017708 0.059259
0 0.358073 0.117130 0.017187 0.056481
0 0.319792 0.112037 0.014583 0.024074
0 0.244792 0.182870 0.029167 0.097222
0 0.228646 0.194444 0.014583 0.031481
0 0.224740 0.150926 0.021354 0.042593
0 0.209635 0.146296 0.015104 0.033333
0 0.181250 0.152315 0.011458 0.019444
0 0.156510 0.257407 0.035938 0.077778
0 0.143854 0.185861 0.018542 0.033954
0 0.127344 0.192130 0.011979 0.034259
0 0.117708 0.241667 0.018750 0.072222
0 0.085417 0.239352 0.021875 0.056481
0 0.067187 0.231019 0.019792 0.054630
1 0.260677 0.907407 0.060938 0.029630
