0 0.580010 0.156262 0.019164 0.058599
0 0.628028 0.161270 0.018589 0.055865
0 0.667999 0.157825 0.015490 0.024101
0 0.745353 0.230020 0.031561 0.096144
0 0.762050 0.241973 0.015577 0.031338
0 0.766638 0.199615 0.022768 0.042463
0 0.782440 0.195696 0.016142 0.033167
0 0.811963 0.202710 0.012177 0.019453
0 0.836511 0.306365 0.038389 0.077419
0 0.850553 0.236976 0.019734 0.033911
0 0.867693 0.243760 0.012895 0.033947
0 0.877151 0.292538 0.020404 0.071304
0 0.910845 0.291568 0.023476 0.056052
0 0.929950 0.284155 0.021282 0.054159
1 0.720207 0.937197 0.063883 0.031381
