0 0.503918 0.032363 0.028593 0.064726
0 0.648915 0.098495 0.011830 0.041953
0 0.658398 0.138586 0.043625 0.074613
0 0.705019 0.176049 0.025448 0.062714
0 0.726642 0.173851 0.021439 0.040986
0 0.799934 0.177373 0.016954 0.035928
0 0.813084 0.183260 0.013517 0.033752
0 0.825002 0.239448 0.023780 0.055131
0 0.834747 0.181346 0.018148 0.040495
0 0.840079 0.229174 0.015485 0.051577
0 0.844689 0.270214 0.034232 0.132242
0 0.868785 0.233234 0.016798 0.047056
1 0.671454 0.891360 0.057401 0.035032
1 0.735927 0.898267 0.042424 0.033645
