0 0.17158019 0.4707113 0.0625 0.10878661
0 0.21698113 0.50941423 0.070754717 0.21129707
0 0.26945755 0.63284519 0.17099057 0.37447699
0 0.30896226 0.46338912 0.047169811 0.18200837
0 0.34964623 0.541841 0.10259434 0.28451883
0 0.36556604 0.44246862 0.063679245 0.14016736
0 0.51886792 0.63179916 0.12264151 0.36401674
0 0.52122642 0.40794979 0.033018868 0.062761506
0 0.55896226 0.52615063 0.087264151 0.26569038
0 0.58372642 0.46443515 0.058962264 0.23012552
0 0.66273585 0.64121339 0.13915094 0.38284519
0 0.69103774 0.5292887 0.037735849 0.09623431
