0 0.012972 0.815900 0.025943 0.359833
0 0.013561 0.750000 0.027123 0.228033
0 0.066627 0.505230 0.090802 0.261506
0 0.160967 0.570084 0.123821 0.382845
0 0.182783 0.423640 0.068396 0.089958
0 0.205189 0.768828 0.235849 0.458159
0 0.260024 0.671548 0.159198 0.648536
0 0.385613 0.640167 0.174528 0.715481
0 0.434552 0.473849 0.069575 0.232218
0 0.435142 0.480126 0.070755 0.244770
0 0.482311 0.404812 0.082547 0.290795
0 0.482311 0.405858 0.082547 0.292887
0 0.545401 0.362971 0.074292 0.261506
0 0.546580 0.579498 0.152123 0.410042
0 0.668632 0.424686 0.106132 0.259414
