0 0.13620283 0.56380753 0.14976415 0.32845188
0 0.21639151 0.48012552 0.11674528 0.26987448
0 0.33018868 0.42991632 0.077830189 0.27405858
0 0.37912736 0.41108787 0.027122642 0.085774059
0 0.41273585 0.48953975 0.10141509 0.29288703
0 0.45636792 0.44351464 0.070754717 0.25523013
0 0.5571934 0.41004184 0.060141509 0.19665272
0 0.5990566 0.49058577 0.12264151 0.30753138
0 0.63915094 0.36820084 0.04009434 0.14225941
0 0.67393868 0.42887029 0.0625 0.20502092
0 0.72228774 0.4874477 0.1120283 0.30543933
