0 0.18337264 0.58472803 0.12146226 0.37029289
0 0.22051887 0.44979079 0.04009434 0.16317992
0 0.22346698 0.42259414 0.034198113 0.11297071
0 0.26356132 0.44246862 0.074292453 0.24058577
0 0.31839623 0.58682008 0.17216981 0.39121339
0 0.34964623 0.41841004 0.076650943 0.19246862
0 0.41391509 0.5 0.11084906 0.29707113
0 0.56898585 0.40481172 0.060141509 0.17782427
0 0.58018868 0.58995816 0.15566038 0.40585774
0 0.62912736 0.51359833 0.0625 0.15690377
0 0.63325472 0.39853556 0.056603774 0.18619247
0 0.74823113 0.59728033 0.14504717 0.40376569
