0 0.11261792 0.45502092 0.064858491 0.16108787
0 0.16745283 0.55962343 0.15801887 0.34518828
0 0.20459906 0.46443515 0.057783019 0.19665272
0 0.25648585 0.4665272 0.057783019 0.22175732
0 0.31014151 0.64853556 0.1509434 0.44351464
0 0.37971698 0.49372385 0.08490566 0.25523013
0 0.41037736 0.42887029 0.063679245 0.21757322
0 0.41096698 0.42782427 0.0625 0.21548117
0 0.52181604 0.59205021 0.11674528 0.35564854
0 0.54009434 0.37866109 0.025943396 0.066945607
0 0.56367925 0.47384937 0.058962264 0.21548117
0 0.56367925 0.48640167 0.058962264 0.24058577
0 0.62794811 0.45606695 0.074292453 0.21757322
0 0.66863208 0.60878661 0.10849057 0.32217573
