0 0.14091981 0.58158996 0.14740566 0.33054393
0 0.22346698 0.50209205 0.11438679 0.26778243
0 0.34610849 0.42468619 0.081367925 0.29288703
0 0.41509434 0.35041841 0.028301887 0.056485356
0 0.41568396 0.51359833 0.10731132 0.28661088
0 0.48643868 0.4832636 0.10259434 0.42677824
0 0.56308962 0.40794979 0.060141509 0.16317992
0 0.60318396 0.5167364 0.12382075 0.30125523
0 0.64150943 0.39539749 0.044811321 0.15062762
0 0.67688679 0.44351464 0.056603774 0.19665272
0 0.72523585 0.51150628 0.11084906 0.30753138
