0 0.11379717 0.54707113 0.15919811 0.34518828
0 0.21167453 0.36924686 0.086084906 0.20711297
0 0.25176887 0.4958159 0.088443396 0.28033473
0 0.3125 0.59728033 0.10613208 0.35355649
0 0.31839623 0.39958159 0.054245283 0.11715481
0 0.36497642 0.37761506 0.045990566 0.13179916
0 0.37853774 0.49790795 0.099056604 0.28033473
0 0.4192217 0.43828452 0.060141509 0.21966527
0 0.5259434 0.40899582 0.049528302 0.16527197
0 0.52653302 0.40899582 0.050707547 0.16527197
0 0.55778302 0.5 0.10849057 0.28451883
0 0.59375 0.38493724 0.041273585 0.15062762
0 0.64386792 0.45083682 0.08490566 0.22384937
