0 0.094339623 0.59518828 0.14858491 0.34518828
0 0.16273585 0.458159 0.077830189 0.12552301
0 0.24115566 0.53451883 0.090801887 0.27824268
0 0.30011792 0.64225941 0.11438679 0.35146444
0 0.30483491 0.43514644 0.055424528 0.11297071
0 0.36025943 0.37238494 0.031839623 0.054393305
0 0.36733491 0.53661088 0.10023585 0.28242678
0 0.40625 0.47803347 0.060141509 0.21966527
0 0.5129717 0.44979079 0.049528302 0.16736402
0 0.54716981 0.53870293 0.10849057 0.28661088
0 0.58431604 0.42050209 0.050707547 0.15062762
0 0.58490566 0.41945607 0.049528302 0.14853556
0 0.62735849 0.48430962 0.077830189 0.22384937
