0 0.10790094 0.43723849 0.067216981 0.16317992
0 0.16096698 0.54811715 0.15919811 0.33891213
0 0.19988208 0.44456067 0.060141509 0.19874477
0 0.26650943 0.4623431 0.08254717 0.20083682
0 0.30542453 0.57217573 0.15330189 0.34100418
0 0.36556604 0.47803347 0.070754717 0.25313808
0 0.43808962 0.54393305 0.095518868 0.53556485
0 0.5182783 0.57635983 0.11438679 0.35355649
0 0.5365566 0.36297071 0.028301887 0.069037657
0 0.55955189 0.47280335 0.055424528 0.24267782
0 0.56014151 0.47175732 0.056603774 0.23640167
0 0.61910377 0.43828452 0.070754717 0.22384937
0 0.66509434 0.58995816 0.10849057 0.33054393
