0 0.21992925 0.53033473 0.081367925 0.44979079
0 0.26474057 0.4623431 0.071933962 0.34309623
0 0.31662736 0.41631799 0.076650943 0.29707113
0 0.31898585 0.41631799 0.081367925 0.29707113
0 0.40625 0.41527197 0.069575472 0.32008368
0 0.40683962 0.41213389 0.068396226 0.31380753
0 0.4428066 0.60251046 0.10259434 0.51882845
0 0.45400943 0.32845188 0.030660377 0.10878661
0 0.48466981 0.41631799 0.061320755 0.29707113
0 0.48525943 0.41422594 0.060141509 0.29707113
0 0.61379717 0.39121339 0.043632075 0.21757322
0 0.61438679 0.36820084 0.04245283 0.17154812
0 0.65035377 0.50313808 0.1120283 0.27405858
