0 0.012971698 0.81589958 0.025943396 0.35983264
0 0.013561321 0.75 0.027122642 0.22803347
0 0.066627358 0.50523013 0.090801887 0.26150628
0 0.16096698 0.57008368 0.12382075 0.38284519
0 0.18278302 0.42364017 0.068396226 0.089958159
0 0.20518868 0.76882845 0.23584906 0.458159
0 0.26002358 0.67154812 0.15919811 0.64853556
0 0.38561321 0.64016736 0.1745283 0.71548117
0 0.43455189 0.47384937 0.069575472 0.23221757
0 0.43514151 0.48012552 0.070754717 0.24476987
0 0.48231132 0.40481172 0.08254717 0.29079498
0 0.48231132 0.40585774 0.08254717 0.29288703
0 0.54540094 0.36297071 0.074292453 0.26150628
0 0.54658019 0.57949791 0.15212264 0.41004184
0 0.66863208 0.42468619 0.10613208 0.25941423
