0 0.097877358 0.56903766 0.14858491 0.33891213
0 0.16450472 0.43305439 0.074292453 0.12133891
0 0.24115566 0.5083682 0.090801887 0.28033473
0 0.30011792 0.40585774 0.0625 0.11297071
0 0.30601415 0.61192469 0.1120283 0.34937238
0 0.35966981 0.34623431 0.030660377 0.052301255
0 0.36851415 0.50941423 0.095518868 0.28242678
0 0.40801887 0.45083682 0.061320755 0.21966527
0 0.5129717 0.42364017 0.047169811 0.16527197
0 0.54834906 0.51046025 0.10849057 0.28033473
0 0.58431604 0.39225941 0.045990566 0.14853556
0 0.62617925 0.45606695 0.075471698 0.22175732
