0 0.095518868 0.57112971 0.15566038 0.31799163
0 0.2865566 0.47594142 0.066037736 0.23221757
0 0.35495283 0.39539749 0.028301887 0.066945607
0 0.35495283 0.5251046 0.091981132 0.25104603
0 0.39268868 0.47384937 0.075471698 0.21548117
0 0.50058962 0.46025105 0.048349057 0.19665272
0 0.54068396 0.5167364 0.10966981 0.27615063
0 0.56485849 0.40585774 0.037735849 0.079497908
0 0.61084906 0.47594142 0.061320755 0.22803347
0 0.61084906 0.4874477 0.061320755 0.25104603
0 0.65507075 0.51046025 0.095518868 0.27196653
