0 0.12441038 0.59100418 0.15448113 0.32845188
0 0.20931604 0.5083682 0.11438679 0.27615063
0 0.32370283 0.46338912 0.076650943 0.26987448
0 0.37323113 0.44769874 0.029481132 0.092050209
0 0.40389151 0.52615063 0.10023585 0.29497908
0 0.44988208 0.47384937 0.069575472 0.25313808
0 0.44988208 0.47594142 0.069575472 0.26150628
0 0.55129717 0.48012552 0.0625 0.24895397
0 0.59198113 0.53556485 0.12028302 0.30543933
0 0.63207547 0.41527197 0.037735849 0.14435146
0 0.66745283 0.47698745 0.063679245 0.18410042
0 0.71403302 0.53974895 0.11438679 0.30125523
