0 0.24351415 0.4748954 0.050707547 0.36401674
0 0.30070755 0.4707113 0.054245283 0.35983264
0 0.35613208 0.36820084 0.044811321 0.16736402
0 0.38561321 0.66004184 0.11320755 0.67573222
0 0.41037736 0.35774059 0.033018868 0.11715481
0 0.44870283 0.52824268 0.048349057 0.40794979
0 0.48349057 0.30334728 0.044811321 0.075313808
0 0.49882075 0.54811715 0.070754717 0.43514644
0 0.55188679 0.41841004 0.035377358 0.26359833
0 0.58018868 0.41004184 0.047169811 0.26359833
0 0.62794811 0.54079498 0.1120283 0.44560669
