0 0.16686321 0.43933054 0.0625 0.12133891
0 0.21167453 0.48012552 0.069575472 0.21129707
0 0.26474057 0.60774059 0.17334906 0.37447699
0 0.30483491 0.43723849 0.045990566 0.18410042
0 0.35023585 0.51359833 0.10849057 0.28661088
0 0.3620283 0.41527197 0.063679245 0.14435146
0 0.5182783 0.60146444 0.12617925 0.37029289
0 0.51886792 0.38075314 0.023584906 0.066945607
0 0.55837264 0.49686192 0.076650943 0.27405858
0 0.58254717 0.41004184 0.054245283 0.17991632
0 0.65507075 0.58472803 0.13089623 0.38702929
0 0.67099057 0.43933054 0.066037736 0.16736402
