0 0.14622642 0.44142259 0.04009434 0.12133891
0 0.18808962 0.49372385 0.097877358 0.22594142
0 0.25766509 0.60774059 0.17334906 0.37866109
0 0.29834906 0.43828452 0.047169811 0.18619247
0 0.34021226 0.51778243 0.097877358 0.28661088
0 0.35554245 0.41422594 0.060141509 0.13807531
0 0.4321934 0.53033473 0.088443396 0.4916318
0 0.46049528 0.66736402 0.043632075 0.18828452
0 0.47051887 0.37552301 0.04009434 0.11506276
0 0.51709906 0.53451883 0.093160377 0.42887029
0 0.56898585 0.51882845 0.064858491 0.25941423
0 0.57606132 0.41213389 0.053066038 0.17991632
0 0.64976415 0.50523013 0.10141509 0.29079498
