0 0.165299 0.422848 0.064043 0.175352
0 0.214780 0.537396 0.155117 0.376776
0 0.251516 0.437830 0.058086 0.212918
0 0.300214 0.442847 0.058573 0.239703
0 0.347087 0.639918 0.150376 0.481304
0 0.415440 0.478479 0.084698 0.276872
0 0.445496 0.410930 0.064030 0.235555
0 0.446070 0.409846 0.062882 0.233259
0 0.547011 0.591014 0.116551 0.385721
0 0.568314 0.364323 0.025666 0.072819
0 0.588623 0.467149 0.059559 0.233070
0 0.588380 0.480541 0.060045 0.259855
0 0.649337 0.451626 0.073999 0.236125
0 0.684593 0.616752 0.108148 0.349564
