0 0.987028 0.815900 0.025943 0.359833
0 0.986439 0.750000 0.027123 0.228033
0 0.933373 0.505230 0.090802 0.261506
0 0.839033 0.570084 0.123821 0.382845
0 0.817217 0.423640 0.068396 0.089958
0 0.794811 0.768828 0.235849 0.458159
0 0.739976 0.671548 0.159198 0.648536
0 0.614387 0.640167 0.174528 0.715481
0 0.565448 0.473849 0.069575 0.232218
0 0.564858 0.480126 0.070755 0.244770
0 0.517689 0.404812 0.082547 0.290795
0 0.517689 0.405858 0.082547 0.292887
0 0.454599 0.362971 0.074292 0.261506
0 0.453420 0.579498 0.152123 0.410042
0 0.331368 0.424686 0.106132 0.259414
