0 0.08254717 0.40481172 0.063679245 0.34518828
0 0.1196934 0.78242678 0.23938679 0.43096234
0 0.13266509 0.42050209 0.079009434 0.16317992
0 0.18632075 0.5334728 0.12028302 0.35146444
0 0.25235849 0.73535565 0.19103774 0.5251046
0 0.34787736 0.67782427 0.13915094 0.64016736
0 0.3879717 0.53661088 0.091981132 0.35355649
0 0.45224057 0.62761506 0.12853774 0.68619247
0 0.48879717 0.41945607 0.045990566 0.15690377
0 0.48938679 0.41945607 0.044811321 0.15271967
0 0.55601415 0.41945607 0.050707547 0.22803347
0 0.56308962 0.39330544 0.0625 0.27615063
0 0.67983491 0.54288703 0.10731132 0.37447699
