0 0.887382 0.455021 0.064858 0.161088
0 0.832547 0.559623 0.158019 0.345188
0 0.795401 0.464435 0.057783 0.196653
0 0.743514 0.466527 0.057783 0.221757
0 0.689858 0.648536 0.150943 0.443515
0 0.620283 0.493724 0.084906 0.255230
0 0.589623 0.428870 0.063679 0.217573
0 0.589033 0.427824 0.062500 0.215481
0 0.478184 0.592050 0.116745 0.355649
0 0.459906 0.378661 0.025943 0.066946
0 0.436321 0.473849 0.058962 0.215481
0 0.436321 0.486402 0.058962 0.240586
0 0.372052 0.456067 0.074292 0.217573
0 0.331368 0.608787 0.108491 0.322176
