0 0.19752358 0.54916318 0.12382075 0.37029289
0 0.23761792 0.41736402 0.043632075 0.15271967
0 0.27771226 0.41213389 0.074292453 0.24267782
0 0.33313679 0.55230126 0.17099057 0.38912134
0 0.37264151 0.41004184 0.091981132 0.23430962
0 0.5129717 0.45920502 0.087264151 0.4707113
0 0.58785377 0.34937238 0.053066038 0.18828452
0 0.59610849 0.55962343 0.15448113 0.40376569
0 0.63620283 0.44142259 0.079009434 0.23849372
0 0.64386792 0.48535565 0.061320755 0.15062762
0 0.7629717 0.56380753 0.14858491 0.41631799
