0 0.21521226 0.53451883 0.11910377 0.37029289
0 0.25471698 0.40481172 0.04245283 0.15271967
0 0.29481132 0.40167364 0.075471698 0.24267782
0 0.35023585 0.54079498 0.16981132 0.39121339
0 0.38266509 0.37761506 0.069575472 0.18200837
0 0.44339623 0.45502092 0.10849057 0.30334728
0 0.59728774 0.37133891 0.057783019 0.17364017
0 0.6120283 0.55020921 0.15566038 0.41004184
0 0.65330189 0.43410042 0.077830189 0.24476987
0 0.66509434 0.36192469 0.056603774 0.17154812
0 0.78066038 0.56276151 0.14858491 0.41004184
