0 0.092570755 0.41422594 0.048349057 0.20083682
0 0.14209906 0.46025105 0.11910377 0.46025105
0 0.24233491 0.46966527 0.076650943 0.26987448
0 0.30778302 0.36087866 0.054245283 0.11087866
0 0.32311321 0.63598326 0.12028302 0.49790795
0 0.39209906 0.45188285 0.086084906 0.30543933
0 0.41096698 0.38284519 0.081367925 0.24686192
0 0.51002358 0.41422594 0.048349057 0.25523013
0 0.56014151 0.42887029 0.099056604 0.31799163
0 0.60318396 0.39016736 0.050707547 0.24058577
0 0.70106132 0.42050209 0.060141509 0.33472803
