0 0.096108491 0.58472803 0.14976415 0.34100418
0 0.16332547 0.45606695 0.076650943 0.14225941
0 0.24056604 0.52196653 0.091981132 0.27824268
0 0.30188679 0.62866109 0.12264151 0.34937238
0 0.30424528 0.42259414 0.056603774 0.11297071
0 0.36025943 0.35774059 0.031839623 0.050209205
0 0.36674528 0.52301255 0.096698113 0.28870293
0 0.40683962 0.46443515 0.061320755 0.22175732
0 0.51415094 0.43305439 0.047169811 0.16736402
0 0.54834906 0.52196653 0.10849057 0.28242678
0 0.58608491 0.40271967 0.049528302 0.14853556
0 0.58608491 0.40376569 0.049528302 0.15062762
0 0.62735849 0.46757322 0.077830189 0.22384937
