0 0.071933962 0.47280335 0.089622642 0.26359833
0 0.15978774 0.53661088 0.14740566 0.39958159
0 0.31132075 0.64330544 0.18396226 0.70920502
0 0.32900943 0.24267782 0.044811321 0.092050209
0 0.38974057 0.63493724 0.10495283 0.72594142
0 0.43396226 0.57845188 0.11320755 0.67573222
0 0.5495283 0.56485356 0.16037736 0.40167364
0 0.56839623 0.31485356 0.030660377 0.056485356
0 0.56839623 0.32008368 0.030660377 0.066945607
0 0.59669811 0.44560669 0.075471698 0.25941423
0 0.6745283 0.41004184 0.087264151 0.25941423
